# Time [ps] | E_Tot [kJ/mol] | T [K] | P [bar
0.1 -1.0302 4.196178 -1576.350586
0.2 -1.10679 183.750580 -2381.317871
0.3 -1.10093 198.862427 -2195.535400
0.4 -1.10314 220.175629 -930.815735
0.5 -1.09331 228.685074 -1562.551758
0.6 -1.09539 243.415619 -966.629395
0.7 -1.09688 259.809387 -1184.844482
0.8 -1.07809 239.492981 -63.852051
0.9 -1.08377 265.981079 -435.344330
1 -1.07579 265.277832 1447.258545
1.1 -1.07232 256.870972 -107.107910
1.2 -1.07036 257.769775 -586.406982
1.3 -1.06752 254.499100 -1039.851074
1.4 -1.07635 273.724060 246.312744
1.5 -1.07085 274.577789 561.213928
1.6 -1.06769 268.834686 1201.920410
1.7 -1.07016 278.168579 770.096985
1.8 -1.06926 282.567474 97.558533
1.9 -1.07152 285.488129 815.162292
2 -1.06419 277.836121 680.651550
2.1 -1.06912 291.040802 -653.316345
2.2 -1.05828 280.464447 172.225220
2.3 -1.06033 284.265076 -463.921326
2.4 -1.05775 288.431458 -388.220398
2.5 -1.05129 280.181671 783.914612
2.6 -1.05334 290.692322 423.012146
2.7 -1.05415 302.823334 722.383850
2.8 -1.04786 282.484070 847.749695
2.9 -1.04995 293.774231 32.488708
3 -1.05046 286.402863 -204.210602
3.1 -1.0491 286.115936 579.545959
3.2 -1.04728 284.348389 -1126.210449
3.3 -1.04332 286.478607 -654.796814
3.4 -1.04701 296.166992 1125.563721
3.5 -1.04169 291.944397 -37.409424
3.6 -1.04102 289.829224 -427.768097
3.7 -1.03962 287.533112 1301.113037
3.8 -1.04046 288.764160 307.565308
3.9 -1.04382 303.177307 -674.622925
4 -1.04099 294.244781 -85.960938
4.1 -1.03948 298.444153 -2765.685547
4.2 -1.04478 306.696167 -320.659149
4.3 -1.04343 305.413788 -421.946564
4.4 -1.04283 303.596802 -1111.776489
4.5 -1.03368 293.329285 -184.150208
4.6 -1.0307 283.325500 -939.556580
4.7 -1.03371 294.105835 833.233704
4.8 -1.03582 291.909790 102.836792
4.9 -1.04201 305.757446 399.592957
5 -1.03783 302.856384 -33.352783
5.1 -1.03611 302.049835 1256.680176
5.2 -1.03221 294.929169 -212.143250
5.3 -1.04232 308.233093 910.492981
5.4 -1.03857 302.462372 1268.819092
5.5 -1.04166 310.291809 1000.460754
5.6 -1.02413 289.237030 1465.275391
5.7 -1.02876 300.148499 -864.443787
5.8 -1.02629 286.441803 -2024.909668
5.9 -1.03424 304.679901 609.208679
6 -1.03443 304.968353 -14.006409
6.1 -1.03298 310.829956 18.993652
6.2 -1.02795 305.407715 711.158508
6.3 -1.02201 299.209717 321.962585
6.4 -1.03137 305.749237 108.011230
6.5 -1.02541 302.939911 361.906555
6.6 -1.02097 292.660095 -728.981628
6.7 -1.01552 290.826721 -916.883362
6.8 -1.03734 324.579620 -628.511963
6.9 -1.01974 287.194458 400.049133
7 -1.02623 303.527557 -16.709595
7.1 -1.02428 296.215942 -702.213989
7.2 -1.02516 297.948547 202.802246
7.3 -1.02706 300.079071 124.072632
7.4 -1.01802 291.302185 -228.916565
7.5 -1.01417 282.542114 1369.032715
7.6 -1.03301 314.812744 613.149963
7.7 -1.02305 294.265717 673.600769
7.8 -1.0255 288.885651 -442.447601
7.9 -1.02426 286.457794 -445.605133
8 -1.02859 303.953949 1101.274658
8.1 -1.04479 323.359589 2236.006104
8.2 -1.02826 297.625244 668.248108
8.3 -1.02386 294.493652 880.382874
8.4 -1.02369 292.460175 -1119.922485
8.5 -1.03226 300.417969 373.600647
8.6 -1.03083 304.553223 1263.177490
8.7 -1.02272 295.856750 654.274475
8.8 -1.02268 305.623291 2366.079346
8.9 -1.0241 308.292297 969.275085
9 -1.02111 294.468018 -279.659760
9.1 -1.02281 305.720215 -952.610901
9.2 -1.00902 292.185913 1600.615234
9.3 -1.02515 321.723877 222.204468
9.4 -1.02942 321.509735 1455.932129
9.5 -1.00736 285.518738 1473.386230
9.6 -1.01699 307.738831 -232.375702
9.7 -1.01546 294.228912 -495.213074
9.8 -1.0186 302.287445 202.384277
9.9 -1.01456 288.223083 -127.931702
10 -1.02963 306.235657 1918.721680
10.1 -1.0309 305.735687 108.646118
10.2 -1.01643 281.015533 -572.350952
10.3 -1.03391 307.496643 -652.888062
10.4 -1.03301 312.984375 1446.687012
10.5 -1.02315 294.624176 813.404968
10.6 -1.02342 300.460083 832.323059
10.7 -1.02321 311.096497 -758.175842
10.8 -1.01687 288.255127 716.821838
10.9 -1.02348 303.587067 -1378.140869
11 -1.0209 296.194214 -992.827026
11.1 -1.01032 276.635986 -232.072418
11.2 -1.02663 314.579590 126.559814
11.3 -1.01668 297.799377 388.289612
11.4 -1.0119 293.323639 78.479004
11.5 -1.01997 306.485077 -284.970428
11.6 -1.01912 300.792908 -1028.045410
11.7 -1.02547 304.695007 1805.068604
11.8 -1.02449 287.837250 -8.736877
11.9 -1.02468 302.199554 1401.804688
12 -1.01874 301.902222 72.318787
12.1 -1.03232 312.522339 1513.380371
12.2 -1.03258 308.806519 541.875427
12.3 -1.03497 313.383850 -726.807312
12.4 -1.04171 311.934662 -104.398254
12.5 -1.04708 314.543610 -507.914185
12.6 -1.02957 279.759796 831.628967
12.7 -1.03967 278.296570 430.369690
12.8 -1.04393 288.741089 579.783508
12.9 -1.04503 285.268829 494.462219
13 -1.03851 279.014465 -83.496399
13.1 -1.04344 292.849609 -1050.904541
13.2 -1.04876 299.883636 -529.961731
13.3 -1.04312 295.533539 -73.103882
13.4 -1.03411 289.423065 229.324097
13.5 -1.04308 296.668365 282.816895
13.6 -1.0325 277.746460 -1019.483521
13.7 -1.0444 302.991425 -478.105591
13.8 -1.03545 295.850403 -299.200592
13.9 -1.0345 303.421112 -158.770569
14 -1.0352 299.557007 883.246765
14.1 -1.03612 302.469421 -675.607605
14.2 -1.02806 293.733856 -291.612457
14.3 -1.03031 290.042145 -850.431152
14.4 -1.03172 290.735779 -1543.041504
14.5 -1.04087 320.255554 231.616821
14.6 -1.02922 298.294220 99.472412
14.7 -1.02672 296.367859 328.851135
14.8 -1.02989 304.649872 571.633118
14.9 -1.04102 314.947784 467.123230
15 -1.03496 299.216339 1012.140686
15.1 -1.03281 288.593109 374.317200
15.2 -1.03751 297.917877 1165.241211
15.3 -1.03865 303.783600 1785.340820
15.4 -1.02477 272.624329 253.767090
15.5 -1.03597 293.822388 -485.835449
15.6 -1.03403 296.803253 820.775208
15.7 -1.03489 301.875824 -115.674194
15.8 -1.02494 299.031128 -1776.899902
15.9 -1.04079 331.164917 -1019.173706
16 -1.02404 296.480713 278.824219
16.1 -1.02266 289.142731 367.842957
16.2 -1.03675 305.674072 881.671692
16.3 -1.02953 278.438293 176.998657
16.4 -1.04395 297.521973 -435.709930
16.5 -1.03313 286.230377 -516.763550
16.6 -1.04017 301.020203 615.605652
16.7 -1.03668 296.687805 803.001038
16.8 -1.03926 300.488647 -72.362549
16.9 -1.02742 277.004272 26.512573
17 -1.02893 286.221954 1818.770264
17.1 -1.03771 306.146423 63.648560
17.2 -1.02515 291.780609 -774.853882
17.3 -1.0273 299.832672 -259.769470
17.4 -1.02921 297.034760 854.247864
17.5 -1.02494 299.045258 -253.961823
17.6 -1.03049 310.621460 2146.072754
17.7 -1.02773 291.198181 581.893372
17.8 -1.03325 292.211426 -297.798767
17.9 -1.0302 280.893951 -167.514282
18 -1.03139 291.195251 1545.145508
18.1 -1.02237 274.718811 -629.849976
18.2 -1.0367 292.502716 850.016785
18.3 -1.03209 278.505249 249.571655
18.4 -1.03388 288.171661 -1065.128662
18.5 -1.03932 302.281616 618.158752
18.6 -1.03963 298.620392 656.971741
18.7 -1.03497 292.782318 725.694519
18.8 -1.03403 281.788391 718.400574
18.9 -1.03891 300.439911 -271.676178
19 -1.04997 314.193298 1505.964111
19.1 -1.03789 290.173523 1396.219238
19.2 -1.04369 314.716095 941.147156
19.3 -1.0411 310.923828 356.716858
19.4 -1.02645 290.781464 -647.112610
19.5 -1.02651 300.652313 1157.382324
19.6 -1.02622 284.656494 766.721863
19.7 -1.03397 291.159546 499.612976
19.8 -1.03179 289.923950 2142.407227
19.9 -1.04061 313.179993 570.295959
20 -1.03884 302.207092 620.001892
20.1 -1.0303 298.027344 -513.457031
20.2 -1.02886 300.091309 -817.019226
20.3 -1.0341 313.871552 967.824036
20.4 -1.02856 305.247009 -496.914490
20.5 -1.02789 302.301849 386.953918
20.6 -1.02855 310.960968 1125.088623
20.7 -1.02626 298.076477 -183.078369
20.8 -1.02741 296.514465 -51.145630
20.9 -1.02453 297.983276 734.609680
21 -1.03156 315.741516 -69.666138
21.1 -1.02072 302.038971 560.265320
21.2 -1.03111 305.245331 760.597229
21.3 -1.03834 316.125275 1882.838867
21.4 -1.02473 289.101013 126.045776
21.5 -1.0404 317.682098 207.235291
21.6 -1.0289 295.188568 -719.402954
21.7 -1.0326 302.425110 -1530.220215
21.8 -1.04589 307.870514 -851.478760
21.9 -1.02528 274.816711 171.288269
22 -1.0389 310.828125 1358.647949
22.1 -1.03353 305.389709 957.424011
22.2 -1.02347 285.530579 350.266418
22.3 -1.02552 284.120056 167.649414
22.4 -1.03155 307.241547 102.988159
22.5 -1.02515 292.163116 433.916199
22.6 -1.03062 305.678162 -535.487549
22.7 -1.02849 312.153595 -281.873688
22.8 -1.02311 305.548553 925.104675
22.9 -1.01875 306.398590 241.352234
23 -1.0227 304.242798 523.714661
23.1 -1.02247 302.563232 1334.660400
23.2 -1.02446 302.125153 482.233459
23.3 -1.01298 291.467072 -26.291138
23.4 -1.0202 303.376160 90.085388
23.5 -1.01698 292.162811 494.357239
23.6 -1.02424 298.311768 -695.893860
23.7 -1.02446 298.978729 672.704651
23.8 -1.01963 293.296783 -2029.681396
23.9 -1.02192 297.355804 842.136902
24 -1.02408 304.707062 579.880310
24.1 -1.02046 297.241211 -739.881470
24.2 -1.0249 306.614044 -474.157593
24.3 -1.01696 296.788147 355.241394
24.4 -1.0161 289.057770 -2314.021484
24.5 -1.01287 286.950165 -855.663635
24.6 -1.0163 296.995178 13.037048
24.7 -1.01578 300.388489 996.636292
24.8 -1.02379 321.071960 -168.183472
24.9 -1.01775 294.599457 -411.501495
25 -1.01802 298.182281 -189.557251
25.1 -1.01528 292.848572 -51.058594
25.2 -1.02481 314.789215 348.602844
25.3 -1.01885 310.304871 -447.173248
25.4 -1.01714 313.711548 1201.034912
25.5 -1.0258 329.221497 -248.887787
25.6 -1.02007 304.852356 -300.940338
25.7 -1.02756 319.184448 -1442.200928
25.8 -1.01518 304.255707 687.297424
25.9 -1.01668 309.853607 -240.452057
26 -1.01841 313.716003 396.434875
26.1 -1.01762 323.473480 560.078674
26.2 -1.01582 314.895782 -13.837219
26.3 -1.00708 305.441376 1263.100830
26.4 -1.01023 313.771301 -632.248352
26.5 -1.01376 307.455933 934.528381
26.6 -1.02162 316.445404 479.604065
26.7 -1.01075 295.006714 1238.062256
26.8 -1.0162 303.481079 -460.992798
26.9 -1.02923 329.191223 -424.243408
27 -1.02291 311.530640 -348.944000
27.1 -1.0258 312.923981 1500.490234
27.2 -1.02034 318.295990 1155.468262
27.3 -1.02384 319.954193 910.615051
27.4 -1.03331 328.659790 283.892456
27.5 -1.01854 303.484650 -286.786407
27.6 -1.0198 302.454468 1573.373047
27.7 -1.0299 317.264069 1507.629883
27.8 -1.02927 306.847748 1614.127930
27.9 -1.02718 302.392090 1467.936279
28 -1.02512 302.160675 31.621094
28.1 -1.03194 300.563629 -812.823975
28.2 -1.01816 280.440308 -1452.528076
28.3 -1.02396 288.935150 -2024.571777
28.4 -1.01963 281.997314 711.713684
28.5 -1.02026 284.898987 600.392273
28.6 -1.01616 285.753113 693.648254
28.7 -1.02199 297.601776 -1072.066772
28.8 -1.01166 295.720764 -536.349365
28.9 -1.01106 289.856781 -477.407043
29 -1.01102 296.093109 -980.205566
29.1 -1.01685 296.932648 -53.684814
29.2 -1.01057 278.056458 152.324463
29.3 -1.01756 293.106171 -159.973572
29.4 -1.01609 282.955292 -444.113892
29.5 -1.02627 300.127350 690.381653
29.6 -1.03751 317.896454 1176.365234
29.7 -1.02527 298.006531 196.861267
29.8 -1.02558 311.658417 -421.754822
29.9 -1.02803 325.482758 1821.401367
30 -1.02021 320.179077 1355.881348
30.1 -1.01526 306.954224 744.779846
30.2 -1.01776 300.418030 1707.041016
30.3 -1.02518 307.172791 -88.576538
30.4 -1.01377 300.654846 -7.893066
30.5 -1.02327 313.419556 -1344.033569
30.6 -1.0226 305.834473 91.668579
30.7 -1.02955 323.526367 932.439636
30.8 -1.0115 291.537659 -852.183716
30.9 -1.02051 300.169098 1077.421631
31 -1.02351 303.577820 -1137.638428
31.1 -1.02949 311.833130 823.286926
31.2 -1.0279 315.140228 544.694397
31.3 -1.02177 302.871002 -938.955017
31.4 -1.02365 302.889099 -759.518066
31.5 -1.02976 315.275696 458.968079
31.6 -1.0244 300.597992 206.216248
31.7 -1.02766 311.791229 736.628723
31.8 -1.01984 296.180206 344.240906
31.9 -1.02564 289.548248 77.810425
32 -1.03946 312.532227 1124.968994
32.1 -1.03448 309.451599 -189.005493
32.2 -1.03423 301.080078 -71.067749
32.3 -1.02295 291.395477 480.186829
32.4 -1.03124 308.509064 -953.129272
32.5 -1.0377 317.444489 -320.194855
32.6 -1.02195 294.375732 -728.325806
32.7 -1.02124 297.204468 890.266907
32.8 -1.01916 302.919464 195.955261
32.9 -1.01769 290.508209 689.333313
33 -1.02055 290.947449 440.433533
33.1 -1.02121 293.016693 1775.632568
33.2 -1.02376 311.281464 -615.904053
33.3 -1.01229 293.365417 -318.083160
33.4 -1.02248 323.490845 -1026.028076
33.5 -1.0193 313.301819 303.707703
33.6 -1.02115 315.428345 -703.084534
33.7 -1.01754 315.966156 465.375793
33.8 -1.01113 297.404480 520.818420
33.9 -1.02425 312.554199 1179.223633
34 -1.02048 304.028625 1315.688477
34.1 -1.01637 292.905365 695.283264
34.2 -1.01606 291.476624 697.239807
34.3 -1.02684 314.888458 94.659668
34.4 -1.02259 315.647461 561.616760
34.5 -1.02591 312.755035 730.092957
34.6 -1.02519 321.374084 125.252930
34.7 -1.01306 285.345459 1354.770996
34.8 -1.00944 293.730652 -64.127808
34.9 -1.0083 303.384277 -1102.406128
35 -1.01007 301.136627 954.076965
35.1 -1.00717 299.183899 -1322.222900
35.2 -1.01223 297.273346 -589.750916
35.3 -1.01708 304.733643 1964.951416
35.4 -1.01509 303.833649 2209.920898
35.5 -1.03138 316.052032 949.571594
35.6 -1.02046 294.002655 1260.267822
35.7 -1.01164 298.567017 -24.583618
35.8 -1.01366 295.859161 178.116333
35.9 -1.0211 313.953247 1551.238770
36 -1.01913 298.210449 429.710999
36.1 -1.01844 297.844696 -194.082153
36.2 -1.0117 298.842682 406.610657
36.3 -1.01498 303.727844 744.309143
36.4 -1.01552 302.584717 609.313660
36.5 -1.00946 292.283478 -1555.837158
36.6 -1.0147 295.432587 -733.142395
36.7 -1.01695 300.615479 1226.136719
36.8 -1.01272 294.418304 796.109680
36.9 -1.01421 296.351471 1189.316895
37 -1.02473 310.927246 -975.574707
37.1 -1.01992 303.980225 -532.335083
37.2 -1.00823 291.100861 763.062073
37.3 -1.02178 299.046234 738.459045
37.4 -1.02374 299.684814 -156.554443
37.5 -1.0236 307.956055 763.998840
37.6 -1.03027 319.779999 -865.946167
37.7 -1.02142 297.673828 916.674011
37.8 -1.02086 293.630554 -563.082458
37.9 -1.02468 308.788696 -372.230865
38 -1.0227 302.958435 -150.353882
38.1 -1.01962 305.806427 679.366028
38.2 -1.02002 301.183258 1831.319824
38.3 -1.0274 311.197357 430.264587
38.4 -1.02585 303.223480 -780.788818
38.5 -1.02643 309.060242 1495.325684
38.6 -1.03413 316.488190 3072.539551
38.7 -1.02855 288.102325 292.731384
38.8 -1.03067 297.159027 1349.870605
38.9 -1.03038 310.228973 1386.826172
39 -1.02299 313.888611 731.195129
39.1 -1.02432 305.802368 1452.833008
39.2 -1.02715 308.463593 500.710632
39.3 -1.01957 285.689484 -527.432373
39.4 -1.02089 285.591888 -595.382629
39.5 -1.02334 301.808289 559.446106
39.6 -1.02448 300.147064 333.814758
39.7 -1.02439 296.515106 848.111145
39.8 -1.01976 291.986237 685.560730
39.9 -1.02309 304.511841 537.942566
40 -1.01864 305.587250 -314.641632
40.1 -1.01351 305.704498 862.210632
40.2 -1.01529 303.242828 449.073303
40.3 -1.02541 314.323608 1141.272217
40.4 -1.01403 306.403473 553.778015
40.5 -1.00413 279.781433 1469.619141
40.6 -1.01528 295.431488 -34.160767
40.7 -1.0217 305.006897 -236.823547
40.8 -1.01503 298.116150 644.517395
40.9 -1.01196 280.616516 -510.061340
41 -1.0305 304.736664 170.854492
41.1 -1.03745 314.581909 342.638489
41.2 -1.02696 310.169006 -224.715973
41.3 -1.01794 289.418732 -328.983459
41.4 -1.02157 301.156525 -865.465637
41.5 -1.02333 300.711639 -1184.054321
41.6 -1.02723 311.709564 -368.416809
41.7 -1.01515 283.155151 1248.638916
41.8 -1.02343 301.499939 125.517944
41.9 -1.02534 299.527100 -702.070312
42 -1.03512 309.778137 387.152283
42.1 -1.03008 286.750793 631.172058
42.2 -1.03217 282.090546 -196.627136
42.3 -1.0349 291.935852 1143.648926
42.4 -1.03754 295.578400 -510.623352
42.5 -1.03961 301.548492 -1068.609375
42.6 -1.04077 309.693329 427.323792
42.7 -1.02318 288.986877 191.931763
42.8 -1.02995 299.503143 -1298.383301
42.9 -1.02951 300.523010 296.928650
43 -1.01564 274.652740 96.620728
43.1 -1.02754 301.993958 346.455383
43.2 -1.02868 310.707184 2215.735352
43.3 -1.0199 280.481293 102.958374
43.4 -1.02748 292.142151 25.274536
43.5 -1.02094 288.614136 380.503723
43.6 -1.02349 287.426788 -488.785034
43.7 -1.03183 297.322723 -52.890686
43.8 -1.02889 290.834442 433.189270
43.9 -1.03748 300.503632 338.129700
44 -1.02123 278.742615 -998.676514
44.1 -1.02947 288.181335 -1610.374146
44.2 -1.02752 283.155731 -381.774963
44.3 -1.02931 301.712616 -199.186371
44.4 -1.02306 285.390839 928.433777
44.5 -1.02976 293.410034 -1207.307129
44.6 -1.03778 323.737701 -870.244385
44.7 -1.03292 290.636078 1439.723633
44.8 -1.0365 305.494751 80.842285
44.9 -1.02137 276.356232 226.918213
45 -1.04158 296.166199 -1852.015381
45.1 -1.04036 296.946320 -976.936157
45.2 -1.03639 303.592407 -656.637329
45.3 -1.03811 308.095490 170.982361
45.4 -1.0328 294.736084 -284.754700
45.5 -1.0291 280.762573 -29.373413
45.6 -1.02479 283.620544 -873.396729
45.7 -1.03601 310.144958 -712.110779
45.8 -1.03518 301.163544 -1118.492676
45.9 -1.03 303.440063 -612.198181
46 -1.02999 307.470551 1459.811035
46.1 -1.0166 293.633362 1619.366699
46.2 -1.02649 320.130127 1283.739502
46.3 -1.03035 312.469543 1148.468994
46.4 -1.01806 286.624420 98.241638
46.5 -1.02831 311.052582 1272.620850
46.6 -1.02859 307.421051 900.471863
46.7 -1.01908 286.261871 415.566467
46.8 -1.02052 298.979431 -584.199707
46.9 -1.03314 317.505798 1379.769775
47 -1.02805 300.985840 -198.694183
47.1 -1.02441 297.118958 648.652161
47.2 -1.03007 313.669434 1722.535889
47.3 -1.03055 319.826660 1068.752686
47.4 -1.02705 301.358490 1031.986328
47.5 -1.04238 335.433777 360.131897
47.6 -1.03656 321.304504 1201.098633
47.7 -1.02584 313.996460 109.596130
47.8 -1.02001 306.967621 1106.419189
47.9 -1.0201 298.147095 401.957825
48 -1.02147 307.272430 620.368347
48.1 -1.0168 289.435028 833.451355
48.2 -1.03241 327.194397 901.449890
48.3 -1.01526 303.386078 800.338562
48.4 -1.02252 311.477600 474.435364
48.5 -1.02192 309.413483 -158.090271
48.6 -1.02121 289.886169 -1300.927979
48.7 -1.02322 307.429932 718.245911
48.8 -1.01775 290.858765 -454.147156
48.9 -1.01725 300.957642 -186.943237
49 -1.02388 303.997833 -711.352539
49.1 -1.02272 301.240143 1131.016357
49.2 -1.02344 309.426147 455.818542
49.3 -1.02491 284.436035 165.245605
49.4 -1.02729 282.240082 785.616394
49.5 -1.03319 285.553925 -482.979980
49.6 -1.04072 296.277771 -210.632599
49.7 -1.03718 301.701630 716.759583
49.8 -1.03345 293.545868 739.523254
49.9 -1.02659 282.480194 -243.530792
50 -1.02725 281.990601 -50.501038
50.1 -1.02957 281.407318 75.856873
50.2 -1.03782 299.608429 -1470.247070
50.3 -1.04283 318.960876 -255.866516
50.4 -1.02174 290.150024 91.414978
50.5 -1.02333 296.797058 -187.153503
50.6 -1.03618 307.725525 -514.834656
50.7 -1.03762 309.864899 1285.976807
50.8 -1.02443 281.844452 -1207.264282
50.9 -1.03914 302.497864 50.694702
51 -1.03144 291.569000 -57.618774
51.1 -1.03704 313.200317 -959.910583
51.2 -1.03688 304.781158 -422.973694
51.3 -1.03813 301.238525 -635.838867
51.4 -1.0365 291.235687 -1066.705200
51.5 -1.03961 291.632660 -430.072510
51.6 -1.03035 289.466461 250.232788
51.7 -1.03322 287.811157 531.981018
51.8 -1.02402 279.111511 270.418091
51.9 -1.03716 299.636169 -914.035461
52 -1.02915 279.817535 -606.664062
52.1 -1.02369 283.167664 289.427490
52.2 -1.02272 279.100250 610.313049
52.3 -1.03958 303.259857 740.182190
52.4 -1.03129 284.616394 846.193420
52.5 -1.02841 291.993530 910.132629
52.6 -1.02516 284.287109 -392.873199
52.7 -1.02857 296.414856 841.514343
52.8 -1.03044 293.650665 502.659241
52.9 -1.034 299.153320 -1066.330811
53 -1.0331 304.146454 1346.693115
53.1 -1.03026 300.764038 -450.902222
53.2 -1.02629 300.996796 938.857483
53.3 -1.03057 301.107910 1380.341064
53.4 -1.02881 292.935120 -1014.713745
53.5 -1.03629 302.265839 561.718445
53.6 -1.01936 276.064941 343.608948
53.7 -1.0267 300.403839 1289.494385
53.8 -1.0316 306.136139 1532.407715
53.9 -1.02939 293.343628 328.127136
54 -1.02443 291.443817 1104.038086
54.1 -1.02702 306.752106 698.789612
54.2 -1.03214 311.424896 557.262268
54.3 -1.01751 286.696777 -1405.239502
54.4 -1.0179 291.219025 -1185.139771
54.5 -1.01638 275.631378 758.969055
54.6 -1.04117 318.554810 467.943542
54.7 -1.024 290.205719 801.878967
54.8 -1.02269 290.376740 -804.203064
54.9 -1.0276 292.959900 1669.685791
55 -1.03921 315.925934 994.081360
55.1 -1.0212 294.085388 80.409058
55.2 -1.02265 299.763672 -301.704651
55.3 -1.02787 297.303650 -793.184265
55.4 -1.03793 310.986115 586.897766
55.5 -1.02563 285.305237 1412.002197
55.6 -1.03509 304.129028 1771.777832
55.7 -1.04167 314.491821 520.908142
55.8 -1.0401 298.622833 510.526917
55.9 -1.03729 293.276276 1243.180908
56 -1.04188 306.664398 402.836731
56.1 -1.04468 292.297394 757.161316
56.2 -1.04719 297.799866 174.623962
56.3 -1.04723 291.051788 51.960327
56.4 -1.04645 296.801605 -340.735138
56.5 -1.0425 294.702942 466.810120
56.6 -1.04641 310.301971 1170.920166
56.7 -1.03224 277.691437 765.062683
56.8 -1.02889 285.142426 1282.773193
56.9 -1.04122 303.585541 1756.987061
57 -1.04617 305.761566 762.687317
57.1 -1.04316 291.547913 -639.546143
57.2 -1.04491 288.194824 1567.291016
57.3 -1.03848 287.135468 1142.406006
57.4 -1.03852 290.520081 1200.700928
57.5 -1.04462 297.284058 582.891052
57.6 -1.04005 290.691711 230.133301
57.7 -1.03733 275.268280 755.662903
57.8 -1.05459 305.358276 562.643738
57.9 -1.04398 290.486511 1682.599365
58 -1.04215 303.046234 646.972961
58.1 -1.03267 295.288910 998.505432
58.2 -1.03598 304.731598 1951.882324
58.3 -1.02819 283.444824 772.743713
58.4 -1.02515 294.787506 1502.717773
58.5 -1.02296 305.683105 -1538.331177
58.6 -1.02916 313.590576 2296.072510
58.7 -1.02895 307.328308 0.761719
58.8 -1.0302 310.465363 -137.585571
58.9 -1.03722 313.826935 -136.674622
59 -1.03315 308.364410 548.808167
59.1 -1.03435 304.337280 49.376709
59.2 -1.03573 295.563751 1376.494385
59.3 -1.03659 284.959076 86.887939
59.4 -1.0401 299.625092 -69.765259
59.5 -1.03751 302.315002 1235.930908
59.6 -1.03182 297.592926 -939.546387
59.7 -1.03351 289.500885 -969.601318
59.8 -1.0292 271.506409 46.441528
59.9 -1.04487 303.317505 -351.285461
60 -1.03821 298.209076 2029.316895
60.1 -1.03356 285.854309 53.884033
60.2 -1.04805 308.902771 990.523621
60.3 -1.04508 290.106720 20.564819
60.4 -1.04351 293.481049 731.596497
60.5 -1.04109 283.897491 -353.748352
60.6 -1.04131 291.723053 307.299744
60.7 -1.03419 279.868774 -1104.318115
60.8 -1.0473 305.162567 -495.026245
60.9 -1.04606 292.000610 -720.501221
61 -1.04065 285.276306 784.698547
61.1 -1.03663 292.662994 1026.507568
61.2 -1.0338 287.878693 -539.707642
61.3 -1.04347 304.224274 500.940247
61.4 -1.04357 301.095001 211.468445
61.5 -1.04278 297.310944 193.114624
61.6 -1.03977 288.425323 188.658813
61.7 -1.03748 290.204010 -774.732788
61.8 -1.03578 285.458984 -569.153259
61.9 -1.03871 304.477570 993.996277
62 -1.03626 296.624634 1003.035950
62.1 -1.03951 296.761475 988.752014
62.2 -1.03374 289.169281 -446.956116
62.3 -1.0348 288.103058 -301.591156
62.4 -1.02925 282.805969 -785.733093
62.5 -1.03792 298.707916 -118.884399
62.6 -1.02979 279.820038 21.540894
62.7 -1.02684 282.304077 -170.934143
62.8 -1.03162 293.398621 -212.690582
62.9 -1.02786 282.818939 -851.158691
63 -1.03636 293.021576 -43.394531
63.1 -1.04327 300.838867 436.180969
63.2 -1.03593 290.281128 299.571472
63.3 -1.03703 288.113922 341.392395
63.4 -1.03972 295.968018 -107.720825
63.5 -1.03665 283.590637 1039.498779
63.6 -1.03169 295.682892 435.886780
63.7 -1.03278 296.619537 -1131.499512
63.8 -1.03571 305.357788 -583.150757
63.9 -1.04333 309.195374 352.116272
64 -1.03693 294.833862 -110.572693
64.1 -1.03818 300.173035 -201.250092
64.2 -1.03588 296.533508 -621.650269
64.3 -1.03185 293.967041 -32.420837
64.4 -1.04402 302.047668 2493.181152
64.5 -1.03494 279.472168 -1773.848145
64.6 -1.0364 292.070923 695.583679
64.7 -1.03821 293.106476 545.845764
64.8 -1.0471 298.142365 -795.061035
64.9 -1.03438 284.857300 336.897888
65 -1.04359 301.344788 252.309937
65.1 -1.02902 287.261627 848.652039
65.2 -1.03864 308.330658 -211.455872
65.3 -1.02103 289.602783 491.515564
65.4 -1.0281 299.212158 594.573425
65.5 -1.02582 295.339661 180.786621
65.6 -1.02376 294.116821 1901.863281
65.7 -1.0248 289.530365 1174.970215
65.8 -1.03797 302.836487 1679.210938
65.9 -1.043 307.145447 -224.184143
66 -1.04949 320.147339 1632.939453
66.1 -1.03656 300.080750 314.291748
66.2 -1.02911 294.478577 -961.929321
66.3 -1.03482 293.547852 -770.052429
66.4 -1.0487 297.734833 -1414.153564
66.5 -1.0407 285.393524 936.068909
66.6 -1.04314 295.662659 -393.978973
66.7 -1.0412 295.003387 61.424316
66.8 -1.03176 288.059326 278.346924
66.9 -1.0285 278.426117 -736.494934
67 -1.02569 271.649261 328.545959
67.1 -1.03748 288.056061 -1665.586304
67.2 -1.03507 291.321075 2112.417969
67.3 -1.03444 291.271606 493.930969
67.4 -1.04447 315.267181 331.435974
67.5 -1.03119 299.425385 495.773987
67.6 -1.03119 290.644592 350.216370
67.7 -1.03279 295.030212 326.826843
67.8 -1.03574 297.023224 1326.586182
67.9 -1.03841 299.176605 1355.777344
68 -1.03692 291.599609 764.773743
68.1 -1.03332 296.007355 1322.783447
68.2 -1.02462 284.010834 371.050354
68.3 -1.02836 288.428497 -574.824646
68.4 -1.02598 278.735443 1610.481445
68.5 -1.03113 299.644775 437.100159
68.6 -1.02504 294.008759 -173.667847
68.7 -1.02054 297.867493 1299.398193
68.8 -1.01802 296.804077 -119.202637
68.9 -1.01717 300.270966 266.574219
69 -1.01995 307.514008 -1149.085938
69.1 -1.01755 288.949554 580.561340
69.2 -1.01857 282.357330 149.579102
69.3 -1.03098 298.640381 -475.978943
69.4 -1.03244 297.645355 -159.869629
69.5 -1.03316 301.972504 718.841980
69.6 -1.03004 296.677124 153.381531
69.7 -1.04309 303.531921 255.577026
69.8 -1.03942 293.433899 -380.212555
69.9 -1.05629 320.896362 -312.369110
70 -1.04443 303.558105 185.423584
70.1 -1.03501 290.485077 729.552795
70.2 -1.02886 285.783966 715.168518
70.3 -1.03567 297.545471 678.717957
70.4 -1.02485 279.674377 -654.692261
70.5 -1.02922 290.149506 165.481628
70.6 -1.03756 306.323883 1073.168213
70.7 -1.0316 288.433075 -601.998474
70.8 -1.03678 301.198120 712.481750
70.9 -1.0337 300.793854 552.998108
71 -1.04387 310.611938 1699.271973
71.1 -1.03025 288.780701 1489.915039
71.2 -1.03263 292.562378 1223.079590
71.3 -1.02817 293.330658 1025.840332
71.4 -1.02526 288.841125 416.137024
71.5 -1.03476 299.585114 418.468323
71.6 -1.02619 291.905304 -210.124817
71.7 -1.02439 298.303741 490.386658
71.8 -1.02207 294.816803 -366.795258
71.9 -1.0267 287.624664 -1375.595703
72 -1.02469 284.927338 -379.388275
72.1 -1.02345 288.449005 692.367004
72.2 -1.02676 301.119476 627.278259
72.3 -1.02013 295.480225 731.459534
72.4 -1.0205 298.774536 759.513245
72.5 -1.02471 297.554871 324.812317
72.6 -1.02283 298.411591 -858.636108
72.7 -1.02358 289.107666 758.147156
72.8 -1.03138 297.387268 664.580261
72.9 -1.0299 291.977142 -1232.634644
73 -1.02875 286.402344 1156.910889
73.1 -1.02859 292.563690 1372.929688
73.2 -1.03164 300.429230 877.031799
73.3 -1.02109 277.095581 -407.923889
73.4 -1.01734 278.370911 -161.982300
73.5 -1.02287 298.175751 -1006.892700
73.6 -1.02695 301.256317 282.252930
73.7 -1.02113 300.953430 130.090210
73.8 -1.0134 281.815887 -754.571228
73.9 -1.02732 306.857330 1964.011719
74 -1.01798 290.525177 595.658142
74.1 -1.02057 303.169281 1141.178467
74.2 -1.01556 302.009705 1489.060791
74.3 -1.01883 310.007080 1706.358643
74.4 -1.02411 313.987732 431.599792
74.5 -1.02057 299.356995 2.260681
74.6 -1.02737 304.361969 1007.228699
74.7 -1.02117 297.409790 -730.965210
74.8 -1.02657 307.295135 -72.901733
74.9 -1.01711 283.250549 673.042786
75 -1.01795 280.781403 112.680786
75.1 -1.02524 292.028687 133.986206
75.2 -1.0328 300.313263 -14.926514
75.3 -1.03098 301.738922 474.820129
75.4 -1.0339 287.545135 -604.151184
75.5 -1.02851 277.958313 445.881287
75.6 -1.0357 289.969025 -1345.842285
75.7 -1.03387 289.612457 -1624.514038
75.8 -1.0359 296.157867 1443.424805
75.9 -1.0338 287.715973 -588.943604
76 -1.02464 274.413269 -510.600952
76.1 -1.02957 291.909698 -802.631836
76.2 -1.02757 281.250610 -613.565857
76.3 -1.03063 293.158539 -29.857605
76.4 -1.02102 288.981567 1321.458252
76.5 -1.02729 294.174744 1053.859863
76.6 -1.03963 310.124969 1136.370850
76.7 -1.04132 307.608978 398.167053
76.8 -1.03595 301.574829 746.242004
76.9 -1.03675 303.932190 793.210144
77 -1.02746 289.980438 642.694397
77.1 -1.01518 264.085846 1127.135986
77.2 -1.03882 293.801971 1337.576172
77.3 -1.04135 297.149841 -1187.922363
77.4 -1.0333 295.684479 1273.685303
77.5 -1.03481 291.604919 -93.432007
77.6 -1.03782 292.837494 807.844543
77.7 -1.02871 288.418274 1023.684875
77.8 -1.02885 293.930786 -812.051880
77.9 -1.03726 312.153717 -207.613373
78 -1.02353 296.070068 795.519592
78.1 -1.02592 305.167877 -1234.602295
78.2 -1.02623 312.910553 311.031128
78.3 -1.0246 314.872681 -452.562134
78.4 -1.02693 301.650604 -897.000732
78.5 -1.02948 308.365814 -1001.845825
78.6 -1.01162 273.900543 -904.303406
78.7 -1.01414 285.821045 1607.109375
78.8 -1.01772 293.149475 976.581360
78.9 -1.03447 322.442078 1696.185547
79 -1.02856 307.161285 300.607788
79.1 -1.02799 292.541748 354.750183
79.2 -1.02167 290.738342 -996.185608
79.3 -1.01794 288.696503 -765.182129
79.4 -1.0278 318.235443 690.254944
79.5 -1.00551 282.851624 842.379700
79.6 -1.02504 312.024902 270.436951
79.7 -1.02154 299.534058 69.450928
79.8 -1.02443 293.416748 113.567749
79.9 -1.02456 289.005463 -250.380066
80 -1.02165 285.384125 -1148.882935
80.1 -1.02629 293.528381 1157.783936
80.2 -1.02043 296.861847 143.021484
80.3 -1.03377 317.430267 -1998.848145
80.4 -1.02784 307.258331 -1313.486084
80.5 -1.02534 309.071075 368.144104
80.6 -1.03361 315.856873 675.626038
80.7 -1.02173 299.547852 1410.775391
80.8 -1.02017 297.065857 -207.373108
80.9 -1.02488 305.097534 -1339.919556
81 -1.01933 297.245880 297.095154
81.1 -1.01881 310.865875 546.436707
81.2 -1.02135 313.516235 2472.511719
81.3 -1.0319 326.602386 1077.334229
81.4 -1.02415 325.289734 1264.219971
81.5 -1.01466 314.959198 -203.997589
81.6 -1.0182 314.406281 2697.661621
81.7 -1.0202 305.037872 -715.601257
81.8 -1.02262 311.788544 -260.338654
81.9 -1.0306 324.183746 1187.194824
82 -1.02294 300.778107 488.667297
82.1 -1.02747 300.711426 429.152039
82.2 -1.02737 295.682007 2449.472900
82.3 -1.02728 285.039337 -488.491272
82.4 -1.03373 296.868469 55.542358
82.5 -1.02924 302.464386 2091.369629
82.6 -1.02114 294.957458 114.382019
82.7 -1.01477 289.955261 -1043.467407
82.8 -1.01847 293.166565 -150.367065
82.9 -1.0243 310.212372 -509.676453
83 -1.02214 303.941345 -826.404663
83.1 -1.01482 293.026581 53.726929
83.2 -1.02396 317.092072 456.968933
83.3 -1.01964 305.871368 242.247498
83.4 -1.01921 307.245392 -918.151489
83.5 -1.01764 291.234589 -395.221436
83.6 -1.01867 300.425049 -721.795166
83.7 -1.02361 306.256897 -39.317688
83.8 -1.03041 314.359589 410.221985
83.9 -1.02207 302.271881 1394.601074
84 -1.02515 312.268951 443.900208
84.1 -1.01237 284.463562 1587.133301
84.2 -1.02089 307.369446 1561.663818
84.3 -1.02836 326.295929 960.681458
84.4 -1.02768 326.917694 901.856628
84.5 -1.01116 300.649750 -166.843994
84.6 -1.0106 302.568451 835.078674
84.7 -1.01758 312.757080 208.747742
84.8 -1.02272 308.817871 -917.529541
84.9 -1.02238 297.785919 827.207825
85 -1.01909 289.443176 852.599426
85.1 -1.02292 300.762634 -929.052673
85.2 -1.0185 285.870209 -996.757080
85.3 -1.02251 300.990387 -511.080688
85.4 -1.02177 309.476990 154.724731
85.5 -1.01862 298.500305 468.640442
85.6 -1.01814 293.570892 -417.169281
85.7 -1.01501 291.740753 1571.417480
85.8 -1.01283 285.486938 866.982239
85.9 -1.02645 316.383270 -1298.806885
86 -1.01716 307.390900 38.122559
86.1 -1.02577 322.414856 -35.292480
86.2 -1.01299 305.799957 -2092.599854
86.3 -1.02253 310.816803 761.736145
86.4 -1.01687 309.573090 360.786438
86.5 -1.01198 307.270081 323.084778
86.6 -1.0207 326.672455 375.831848
86.7 -1.01137 297.157715 1334.043701
86.8 -1.02739 321.213440 583.542786
86.9 -1.01917 310.133545 -287.865509
87 -1.02448 313.266479 437.607483
87.1 -1.02911 316.590637 -1040.857788
87.2 -1.02663 314.217896 309.073486
87.3 -1.02226 307.476654 -429.061279
87.4 -1.03141 307.241089 -53.411987
87.5 -1.0196 299.148895 1282.270020
87.6 -1.02253 306.722778 1881.046387
87.7 -1.01753 299.341583 819.923645
87.8 -1.01552 298.127625 1116.679199
87.9 -1.02877 326.752747 1525.337402
88 -1.02244 312.731537 -777.829956
88.1 -1.02002 301.935699 -789.485168
88.2 -1.02061 301.125519 924.511536
88.3 -1.01883 284.859863 -1764.359619
88.4 -1.03201 315.532318 -771.109680
88.5 -1.01878 296.056549 219.169128
88.6 -1.02365 299.025177 -846.668701
88.7 -1.02353 298.175171 420.333801
88.8 -1.02515 315.796478 -31.447998
88.9 -1.02523 313.743347 -107.631287
89 -1.02116 305.932098 570.736389
89.1 -1.0178 299.452087 -246.761749
89.2 -1.01916 300.609589 -600.771240
89.3 -1.03564 338.967987 634.604065
89.4 -1.0216 297.081757 872.825378
89.5 -1.0188 297.526367 -684.938843
89.6 -1.02157 298.733948 2541.945801
89.7 -1.02374 299.989166 -236.936737
89.8 -1.03206 305.563354 281.286987
89.9 -1.03145 297.237762 -869.234253
90 -1.02298 290.641693 -95.769165
90.1 -1.02685 304.424438 -283.158142
90.2 -1.01468 292.165894 707.214050
90.3 -1.02049 296.309814 -368.297058
90.4 -1.02269 303.332520 -157.857483
90.5 -1.02097 297.669769 1578.128418
90.6 -1.01981 297.904572 670.800598
90.7 -1.02498 316.302399 1344.402100
90.8 -1.02714 323.325439 -115.264465
90.9 -1.01644 301.931793 -809.418945
91 -1.01362 306.012543 590.915100
91.1 -1.0127 299.941284 -1222.588013
91.2 -1.01753 299.216858 -652.606689
91.3 -1.02175 305.869965 -821.308960
91.4 -1.02557 314.989014 -118.235474
91.5 -1.02298 310.813232 29.898132
91.6 -1.01921 308.323090 -182.232605
91.7 -1.03589 333.469604 -1565.660400
91.8 -1.01963 307.256744 761.827942
91.9 -1.02537 322.535156 -294.290802
92 -1.0181 305.580780 -522.569214
92.1 -1.0108 294.086395 995.202942
92.2 -1.0184 300.251343 655.064636
92.3 -1.01603 297.080078 -130.963928
92.4 -1.01423 299.630188 -206.173737
92.5 -1.02599 329.598602 890.073547
92.6 -1.01573 301.431610 1151.210205
92.7 -1.00726 291.618286 1333.164551
92.8 -1.00698 291.738159 1033.688232
92.9 -1.02952 325.513489 1208.845703
93 -1.0224 308.903961 386.968201
93.1 -1.00875 282.235809 432.622864
93.2 -1.01247 282.942200 1106.720215
93.3 -1.02768 316.811371 -246.404449
93.4 -1.03112 314.347015 -985.212891
93.5 -1.02361 288.315796 -803.816284
93.6 -1.03313 301.511017 1101.026611
93.7 -1.02532 293.187469 901.744934
93.8 -1.02646 293.972321 427.513489
93.9 -1.03107 306.929077 -49.815369
94 -1.02476 301.581757 452.236389
94.1 -1.01986 293.134003 1130.918213
94.2 -1.02951 306.089294 -690.455139
94.3 -1.02396 303.107361 1433.969238
94.4 -1.02267 300.748047 268.391724
94.5 -1.02358 291.351654 -67.251465
94.6 -1.02844 314.077179 -133.525696
94.7 -1.02597 297.345856 -723.459167
94.8 -1.02589 296.215790 1391.988037
94.9 -1.03003 313.266876 310.595398
95 -1.02809 295.188141 -94.759644
95.1 -1.01918 287.470398 1897.502441
95.2 -1.01925 288.425507 -349.900940
95.3 -1.03403 308.457062 1118.396973
95.4 -1.03299 313.193390 -2142.000732
95.5 -1.0231 305.392334 -352.505035
95.6 -1.03274 308.460571 -169.240356
95.7 -1.02566 296.064667 757.362366
95.8 -1.02309 285.828094 -47.528076
95.9 -1.02094 291.889252 158.993835
96 -1.03125 303.579559 226.916687
96.1 -1.0355 307.661804 966.410950
96.2 -1.03513 297.020325 -61.032227
96.3 -1.02632 283.975555 -289.007629
96.4 -1.02721 291.013824 -447.592834
96.5 -1.03454 309.360504 806.999329
96.6 -1.00898 270.494232 1299.001221
96.7 -1.01108 283.479950 426.651917
96.8 -1.01008 288.514557 -616.214478
96.9 -1.02242 307.221863 -265.133026
97 -1.02293 301.877075 -110.429016
97.1 -1.01624 286.405518 40.073486
97.2 -1.02717 307.462006 239.707458
97.3 -1.01568 295.756104 1795.103516
97.4 -1.02731 317.669312 21.926697
97.5 -1.00661 280.742493 -1413.900635
97.6 -1.02209 313.238129 696.929871
97.7 -1.02454 311.207947 794.908386
97.8 -1.02195 299.958038 955.081848
97.9 -1.01239 284.412659 1059.845703
98 -1.0298 303.850861 733.627502
98.1 -1.02328 291.616180 836.848816
98.2 -1.02207 282.291504 -665.255493
98.3 -1.01809 285.237701 -1402.122559
98.4 -1.01939 288.180817 -1350.547974
98.5 -1.02228 292.453308 990.144348
98.6 -1.02014 287.487366 -349.429260
98.7 -1.02664 309.127869 -517.176331
98.8 -1.02481 298.978241 -63.735840
98.9 -1.02555 293.406036 841.225159
99 -1.02438 284.711761 1008.598328
99.1 -1.0266 299.679291 -128.458496
99.2 -1.02928 304.301941 -1592.363892
99.3 -1.02856 302.482086 76.100830
99.4 -1.03001 303.421906 459.796570
99.5 -1.02938 304.559143 -108.275818
99.6 -1.02302 295.594635 -280.414856
99.7 -1.03127 310.602631 284.744507
99.8 -1.02698 309.688721 -386.067230
99.9 -1.01869 289.386047 615.468079
100 -1.03247 306.726837 -99.772522
