0.1	      -10302.032227    22.451048        4.196178  -1576.350586
0.2	      -11067.895508   983.131104      183.750580  -2381.317871
0.3	      -11009.290039   1063.984863     198.862427  -2195.535400
0.4	      -11031.430664   1178.018066     220.175629  -930.815735
0.5	      -10933.062500   1223.546631     228.685074  -1562.551758
0.6	      -10953.916992   1302.360352     243.415619  -966.629395
0.7	      -10968.820312   1390.072876     259.809387  -1184.844482
0.8	      -10780.889648   1281.372803     239.492981  -63.852051
0.9	      -10837.682617   1423.093506     265.981079  -435.344330
1	      -10757.943359   1419.330933     265.277832  1447.258545
1.1	      -10723.236328   1374.351318     256.870972  -107.107910
1.2	      -10703.581055   1379.160156     257.769775  -586.406982
1.3	      -10675.181641   1361.660889     254.499100  -1039.851074
1.4	      -10763.479492   1464.521240     273.724060  246.312744
1.5	      -10708.525391   1469.088989     274.577789  561.213928
1.6	      -10676.863281   1438.361328     268.834686  1201.920410
1.7	      -10701.620117   1488.301025     278.168579  770.096985
1.8	      -10692.637695   1511.836670     282.567474   97.558533
1.9	      -10715.243164   1527.463257     285.488129  815.162292
2	      -10641.924805   1486.522217     277.836121  680.651550
2.1	      -10691.200195   1557.171997     291.040802  -653.316345
2.2	      -10582.810547   1500.584717     280.464447  172.225220
2.3	      -10603.290039   1520.919434     284.265076  -463.921326
2.4	      -10577.450195   1543.211060     288.431458  -388.220398
2.5	      -10512.931641   1499.071777     280.181671  783.914612
2.6	      -10533.431641   1555.307495     290.692322  423.012146
2.7	      -10541.535156   1620.212769     302.823334  722.383850
2.8	      -10478.618164   1511.390381     282.484070  847.749695
2.9	      -10499.480469   1571.796753     293.774231   32.488708
3	      -10504.623047   1532.357422     286.402863  -204.210602
3.1	      -10491.045898   1530.822266     286.115936  579.545959
3.2	      -10472.776367   1521.365234     284.348389  -1126.210449
3.3	      -10433.230469   1532.762695     286.478607  -654.796814
3.4	      -10470.109375   1584.598999     296.166992  1125.563721
3.5	      -10416.857422   1562.006592     291.944397  -37.409424
3.6	      -10410.214844   1550.689697     289.829224  -427.768097
3.7	      -10396.184570   1538.404541     287.533112  1301.113037
3.8	      -10404.577148   1544.991211     288.764160  307.565308
3.9	      -10438.180664   1622.106689     303.177307  -674.622925
4	      -10409.903320   1574.314453     294.244781  -85.960938
4.1	      -10394.838867   1596.782593     298.444153  -2765.685547
4.2	      -10447.813477   1640.933716     306.696167  -320.659149
4.3	      -10434.326172   1634.072632     305.413788  -421.946564
4.4	      -10428.316406   1624.351074     303.596802  -1111.776489
4.5	      -10336.780273   1569.416138     293.329285  -184.150208
4.6	      -10306.984375   1515.892334     283.325500  -939.556580
4.7	      -10337.067383   1573.571045     294.105835  833.233704
4.8	      -10358.191406   1561.821411     291.909790  102.836792
4.9	      -10420.139648   1635.911255     305.757446  399.592957
5	      -10378.319336   1620.389648     302.856384  -33.352783
5.1	      -10361.099609   1616.074219     302.049835  1256.680176
5.2	      -10322.088867   1577.976196     294.929169  -212.143250
5.3	      -10423.193359   1649.156860     308.233093  910.492981
5.4	      -10385.734375   1618.281494     302.462372  1268.819092
5.5	      -10416.637695   1660.171753     310.291809  1000.460754
5.6	      -10241.257812   1547.521240     289.237030  1465.275391
5.7	      -10287.581055   1605.901367     300.148499  -864.443787
5.8	      -10262.866211   1532.565674     286.441803  -2024.909668
5.9	      -10342.436523   1630.145996     304.679901  609.208679
6	      -10344.279297   1631.689453     304.968353  -14.006409
6.1	      -10329.756836   1663.051025     310.829956   18.993652
6.2	      -10279.461914   1634.040039     305.407715  711.158508
6.3	      -10220.052734   1600.878662     299.209717  321.962585
6.4	      -10313.742188   1635.867310     305.749237  108.011230
6.5	      -10254.109375   1620.836426     302.939911  361.906555
6.6	      -10209.706055   1565.835815     292.660095  -728.981628
6.7	      -10155.163086   1556.026611     290.826721  -916.883362
6.8	      -10373.424805   1736.616699     324.579620  -628.511963
6.9	      -10197.389648   1536.592773     287.194458  400.049133
7	      -10262.254883   1623.980591     303.527557  -16.709595
7.1	      -10242.809570   1584.860840     296.215942  -702.213989
7.2	      -10251.561523   1594.130981     297.948547  202.802246
7.3	      -10270.643555   1605.529907     300.079071  124.072632
7.4	      -10180.187500   1558.570435     291.302185  -228.916565
7.5	      -10141.662109   1511.700928     282.542114  1369.032715
7.6	      -10330.116211   1684.360352     314.812744  613.149963
7.7	      -10230.480469   1574.426392     294.265717  673.600769
7.8	      -10254.977539   1545.641113     288.885651  -442.447601
7.9	      -10242.616211   1532.651367     286.457794  -445.605133
8	      -10285.865234   1626.261963     303.953949  1101.274658
8.1	      -10447.886719   1730.089111     323.359589  2236.006104
8.2	      -10282.604492   1592.401123     297.625244  668.248108
8.3	      -10238.556641   1575.645996     294.493652  880.382874
8.4	      -10236.884766   1564.766235     292.460175  -1119.922485
8.5	      -10322.567383   1607.343262     300.417969  373.600647
8.6	      -10308.318359   1629.468262     304.553223  1263.177490
8.7	      -10227.209961   1582.939087     295.856750  654.274475
8.8	      -10226.835938   1635.193604     305.623291  2366.079346
8.9	      -10241.040039   1649.473633     308.292297  969.275085
9	      -10211.084961   1575.508911     294.468018  -279.659760
9.1	      -10228.113281   1635.712158     305.720215  -952.610901
9.2	      -10090.244141   1563.298706     292.185913  1600.615234
9.3	      -10251.502930   1721.337402     321.723877  222.204468
9.4	      -10294.159180   1720.191650     321.509735  1455.932129
9.5	      -10073.609375   1527.626953     285.518738  1473.386230
9.6	      -10169.931641   1646.512451     307.738831  -232.375702
9.7	      -10154.587891   1574.229492     294.228912  -495.213074
9.8	      -10186.028320   1617.345581     302.287445  202.384277
9.9	      -10145.634766   1542.096191     288.223083  -127.931702
10	      -10296.310547   1638.469971     306.235657  1918.721680
10.1	      -10308.998047   1635.794922     305.735687  108.646118
10.2	      -10164.284180   1503.533203     281.015533  -572.350952
10.3	      -10339.070312   1645.216675     307.496643  -652.888062
10.4	      -10330.134766   1674.577881     312.984375  1446.687012
10.5	      -10231.505859   1576.344360     294.624176  813.404968
10.6	      -10234.211914   1607.568604     300.460083  832.323059
10.7	      -10232.096680   1664.477173     311.096497  -758.175842
10.8	      -10168.670898   1542.267700     288.255127  716.821838
10.9	      -10234.759766   1624.299072     303.587067  -1378.140869
11	      -10209.041016   1584.744629     296.194214  -992.827026
11.1	      -10103.222656   1480.101196     276.635986  -232.072418
11.2	      -10266.317383   1683.112915     314.579590  126.559814
11.3	      -10166.811523   1593.332764     297.799377  388.289612
11.4	      -10119.021484   1569.385986     293.323639   78.479004
11.5	      -10199.656250   1639.804443     306.485077  -284.970428
11.6	      -10191.152344   1609.349243     300.792908  -1028.045410
11.7	      -10254.693359   1630.226807     304.695007  1805.068604
11.8	      -10244.927734   1540.031860     287.837250   -8.736877
11.9	      -10246.844727   1616.875244     302.199554  1401.804688
12	      -10187.413086   1615.284424     301.902222   72.318787
12.1	      -10323.238281   1672.105957     312.522339  1513.380371
12.2	      -10325.772461   1652.224976     308.806519  541.875427
12.3	      -10349.707031   1676.715332     313.383850  -726.807312
12.4	      -10417.134766   1668.961670     311.934662  -104.398254
12.5	      -10470.757812   1682.920410     314.543610  -507.914185
12.6	      -10295.746094   1496.814575     279.759796  831.628967
12.7	      -10396.674805   1488.985840     278.296570  430.369690
12.8	      -10439.291016   1544.867676     288.741089  579.783508
12.9	      -10450.317383   1526.289917     285.268829  494.462219
13	      -10385.144531   1492.826904     279.014465  -83.496399
13.1	      -10434.390625   1566.849854     292.849609  -1050.904541
13.2	      -10487.646484   1604.484375     299.883636  -529.961731
13.3	      -10431.220703   1581.209717     295.533539  -73.103882
13.4	      -10341.128906   1548.516479     289.423065  229.324097
13.5	      -10430.828125   1587.281494     296.668365  282.816895
13.6	      -10325.036133   1486.042480     277.746460  -1019.483521
13.7	      -10443.990234   1621.112061     302.991425  -478.105591
13.8	      -10354.470703   1582.905029     295.850403  -299.200592
13.9	      -10345.009766   1623.411011     303.421112  -158.770569
14	      -10351.971680   1602.736816     299.557007  883.246765
14.1	      -10361.196289   1618.319214     302.469421  -675.607605
14.2	      -10280.555664   1571.580811     293.733856  -291.612457
14.3	      -10303.069336   1551.828857     290.042145  -850.431152
14.4	      -10317.150391   1555.540039     290.735779  -1543.041504
14.5	      -10408.682617   1713.481323     320.255554  231.616821
14.6	      -10292.238281   1595.980347     298.294220   99.472412
14.7	      -10267.191406   1585.673706     296.367859  328.851135
14.8	      -10298.915039   1629.985352     304.649872  571.633118
14.9	      -10410.187500   1685.082886     314.947784  467.123230
15	      -10349.558594   1600.914062     299.216339  1012.140686
15.1	      -10328.142578   1544.076050     288.593109  374.317200
15.2	      -10375.119141   1593.966797     297.917877  1165.241211
15.3	      -10386.509766   1625.350464     303.783600  1785.340820
15.4	      -10247.702148   1458.637329     272.624329  253.767090
15.5	      -10359.720703   1572.054565     293.822388  -485.835449
15.6	      -10340.333008   1588.003174     296.803253  820.775208
15.7	      -10348.937500   1615.143311     301.875824  -115.674194
15.8	      -10249.398438   1599.923096     299.031128  -1776.899902
15.9	      -10407.883789   1771.850342     331.164917  -1019.173706
16	      -10240.372070   1586.277466     296.480713  278.824219
16.1	      -10226.568359   1547.016724     289.142731  367.842957
16.2	      -10367.484375   1635.465210     305.674072  881.671692
16.3	      -10295.304688   1489.744141     278.438293  176.998657
16.4	      -10439.522461   1591.848633     297.521973  -435.709930
16.5	      -10331.272461   1531.434570     286.230377  -516.763550
16.6	      -10401.744141   1610.565430     301.020203  615.605652
16.7	      -10366.760742   1587.385498     296.687805  803.001038
16.8	      -10392.566406   1607.721436     300.488647  -72.362549
16.9	      -10274.166992   1482.071533     277.004272   26.512573
17	      -10289.294922   1531.389404     286.221954  1818.770264
17.1	      -10377.138672   1637.992554     306.146423   63.648560
17.2	      -10251.524414   1561.130249     291.780609  -774.853882
17.3	      -10273.011719   1604.211670     299.832672  -259.769470
17.4	      -10292.103516   1589.241821     297.034760  854.247864
17.5	      -10249.385742   1599.998779     299.045258  -253.961823
17.6	      -10304.857422   1661.935547     310.621460  2146.072754
17.7	      -10277.303711   1558.014038     291.198181  581.893372
17.8	      -10332.502930   1563.435303     292.211426  -297.798767
17.9	      -10301.992188   1502.882690     280.893951  -167.514282
18	      -10313.894531   1557.998413     291.195251  1545.145508
18.1	      -10223.708984   1469.843506     274.718811  -629.849976
18.2	      -10367.029297   1564.993774     292.502716  850.016785
18.3	      -10320.888672   1490.102295     278.505249  249.571655
18.4	      -10338.843750   1541.821045     288.171661  -1065.128662
18.5	      -10393.187500   1617.314453     302.281616  618.158752
18.6	      -10396.300781   1597.725586     298.620392  656.971741
18.7	      -10349.725586   1566.489746     292.782318  725.694519
18.8	      -10340.320312   1507.668335     281.788391  718.400574
18.9	      -10389.073242   1607.460571     300.439911  -271.676178
19	      -10499.715820   1681.046143     314.193298  1505.964111
19.1	      -10378.932617   1552.531738     290.173523  1396.219238
19.2	      -10436.897461   1683.843262     314.716095  941.147156
19.3	      -10411.003906   1663.553223     310.923828  356.716858
19.4	      -10264.499023   1555.784424     290.781464  -647.112610
19.5	      -10265.086914   1608.597046     300.652313  1157.382324
19.6	      -10262.157227   1523.013672     284.656494  766.721863
19.7	      -10339.736328   1557.807373     291.159546  499.612976
19.8	      -10317.887695   1551.196533     289.923950  2142.407227
19.9	      -10406.133789   1675.624634     313.179993  570.295959
20	      -10388.380859   1616.915649     302.207092  620.001892
20.1	      -10302.985352   1594.552490     298.027344  -513.457031
20.2	      -10288.599609   1605.595459     300.091309  -817.019226
20.3	      -10341.040039   1679.324707     313.871552  967.824036
20.4	      -10285.599609   1633.180298     305.247009  -496.914490
20.5	      -10278.864258   1617.422607     302.301849  386.953918
20.6	      -10285.530273   1663.752075     310.960968  1125.088623
20.7	      -10262.603516   1594.815430     298.076477  -183.078369
20.8	      -10274.100586   1586.458008     296.514465  -51.145630
20.9	      -10245.326172   1594.316650     297.983276  734.609680
21	      -10315.636719   1689.329712     315.741516  -69.666138
21.1	      -10207.197266   1616.016113     302.038971  560.265320
21.2	      -10311.089844   1633.171387     305.245331  760.597229
21.3	      -10383.448242   1691.382812     316.125275  1882.838867
21.4	      -10247.309570   1546.793457     289.101013  126.045776
21.5	      -10403.982422   1699.712402     317.682098  207.235291
21.6	      -10288.995117   1579.364014     295.188568  -719.402954
21.7	      -10325.970703   1618.082153     302.425110  -1530.220215
21.8	      -10458.949219   1647.217041     307.870514  -851.478760
21.9	      -10252.776367   1470.367310     274.816711  171.288269
22	      -10389.048828   1663.041260     310.828125  1358.647949
22.1	      -10335.274414   1633.943726     305.389709  957.424011
22.2	      -10234.742188   1527.690430     285.530579  350.266418
22.3	      -10255.238281   1520.143555     284.120056  167.649414
22.4	      -10315.459961   1643.851807     307.241547  102.988159
22.5	      -10251.462891   1563.176758     292.163116  433.916199
22.6	      -10306.247070   1635.487061     305.678162  -535.487549
22.7	      -10284.883789   1670.133057     312.153595  -281.873688
22.8	      -10231.133789   1634.793701     305.548553  925.104675
22.9	      -10187.461914   1639.341675     306.398590  241.352234
23	      -10227.033203   1627.807373     304.242798  523.714661
23.1	      -10224.733398   1618.821045     302.563232  1334.660400
23.2	      -10244.552734   1616.477295     302.125153  482.233459
23.3	      -10129.819336   1559.452759     291.467072  -26.291138
23.4	      -10202.002930   1623.170654     303.376160   90.085388
23.5	      -10169.792969   1563.175171     292.162811  494.357239
23.6	      -10242.351562   1596.074341     298.311768  -695.893860
23.7	      -10244.642578   1599.642700     298.978729  672.704651
23.8	      -10196.325195   1569.242310     293.296783  -2029.681396
23.9	      -10219.178711   1590.959473     297.355804  842.136902
24	      -10240.758789   1630.291382     304.707062  579.880310
24.1	      -10204.579102   1590.346436     297.241211  -739.881470
24.2	      -10248.983398   1640.494385     306.614044  -474.157593
24.3	      -10169.567383   1587.922363     296.788147  355.241394
24.4	      -10161.021484   1546.562134     289.057770  -2314.021484
24.5	      -10128.748047   1535.285645     286.950165  -855.663635
24.6	      -10163.037109   1589.030029     296.995178   13.037048
24.7	      -10157.841797   1607.185547     300.388489  996.636292
24.8	      -10237.901367   1717.849365     321.071960  -168.183472
24.9	      -10177.487305   1576.212036     294.599457  -411.501495
25	      -10180.192383   1595.381470     298.182281  -189.557251
25.1	      -10152.774414   1566.844238     292.848572  -51.058594
25.2	      -10248.132812   1684.234497     314.789215  348.602844
25.3	      -10188.477539   1660.241699     310.304871  -447.173248
25.4	      -10171.386719   1678.468628     313.711548  1201.034912
25.5	      -10258.035156   1761.452393     329.221497  -248.887787
25.6	      -10200.675781   1631.068726     304.852356  -300.940338
25.7	      -10275.591797   1707.750488     319.184448  -1442.200928
25.8	      -10151.759766   1627.876465     304.255707  687.297424
25.9	      -10166.811523   1657.827148     309.853607  -240.452057
26	      -10184.132812   1678.492432     313.716003  396.434875
26.1	      -10176.212891   1730.698364     323.473480  560.078674
26.2	      -10158.203125   1684.804688     314.895782  -13.837219
26.3	      -10070.826172   1634.220215     305.441376  1263.100830
26.4	      -10102.255859   1678.788330     313.771301  -632.248352
26.5	      -10137.620117   1644.998779     307.455933  934.528381
26.6	      -10216.161133   1693.095703     316.445404  479.604065
26.7	      -10107.462891   1578.391113     295.006714  1238.062256
26.8	      -10162.014648   1623.731934     303.481079  -460.992798
26.9	      -10292.279297   1761.290405     329.191223  -424.243408
27	      -10229.121094   1666.799927     311.530640  -348.944000
27.1	      -10258.041992   1674.254883     312.923981  1500.490234
27.2	      -10203.403320   1702.996948     318.295990  1155.468262
27.3	      -10238.381836   1711.869019     319.954193  910.615051
27.4	      -10333.060547   1758.447021     328.659790  283.892456
27.5	      -10185.449219   1623.751099     303.484650  -286.786407
27.6	      -10198.009766   1618.239136     302.454468  1573.373047
27.7	      -10298.976562   1697.475830     317.264069  1507.629883
27.8	      -10292.726562   1641.744873     306.847748  1614.127930
27.9	      -10271.761719   1617.905396     302.392090  1467.936279
28	      -10251.208008   1616.667236     302.160675   31.621094
28.1	      -10319.363281   1608.122559     300.563629  -812.823975
28.2	      -10181.570312   1500.455566     280.440308  -1452.528076
28.3	      -10239.594727   1545.906006     288.935150  -2024.571777
28.4	      -10196.277344   1508.786133     281.997314  711.713684
28.5	      -10202.645508   1524.311035     284.898987  600.392273
28.6	      -10161.569336   1528.880981     285.753113  693.648254
28.7	      -10219.912109   1592.275635     297.601776  -1072.066772
28.8	      -10116.640625   1582.211426     295.720764  -536.349365
28.9	      -10110.624023   1550.837158     289.856781  -477.407043
29	      -10110.176758   1584.203613     296.093109  -980.205566
29.1	      -10168.500000   1588.695557     296.932648  -53.684814
29.2	      -10105.737305   1487.701172     278.056458  152.324463
29.3	      -10175.577148   1568.222534     293.106171  -159.973572
29.4	      -10160.875977   1513.911621     282.955292  -444.113892
29.5	      -10262.668945   1605.788330     300.127350  690.381653
29.6	      -10375.133789   1700.859253     317.896454  1176.365234
29.7	      -10252.746094   1594.441162     298.006531  196.861267
29.8	      -10255.757812   1667.483643     311.658417  -421.754822
29.9	      -10280.343750   1741.448730     325.482758  1821.401367
30	      -10202.126953   1713.072144     320.179077  1355.881348
30.1	      -10152.639648   1642.314453     306.954224  744.779846
30.2	      -10177.626953   1607.343506     300.418030  1707.041016
30.3	      -10251.836914   1643.483887     307.172791  -88.576538
30.4	      -10137.733398   1608.610596     300.654846   -7.893066
30.5	      -10232.725586   1676.906250     313.419556  -1344.033569
30.6	      -10226.021484   1636.323486     305.834473   91.668579
30.7	      -10295.518555   1730.981445     323.526367  932.439636
30.8	      -10115.015625   1559.830322     291.537659  -852.183716
30.9	      -10205.053711   1606.011719     300.169098  1077.421631
31	      -10235.137695   1624.249512     303.577820  -1137.638428
31.1	      -10294.920898   1668.418335     311.833130  823.286926
31.2	      -10279.007812   1686.112549     315.140228  544.694397
31.3	      -10217.706055   1620.467773     302.871002  -938.955017
31.4	      -10236.508789   1620.564575     302.889099  -759.518066
31.5	      -10297.580078   1686.837402     315.275696  458.968079
31.6	      -10243.981445   1608.306396     300.597992  206.216248
31.7	      -10276.626953   1668.194214     311.791229  736.628723
31.8	      -10198.449219   1584.669678     296.180206  344.240906
31.9	      -10256.363281   1549.186401     289.548248   77.810425
32	      -10394.609375   1672.158813     312.532227  1124.968994
32.1	      -10344.836914   1655.676270     309.451599  -189.005493
32.2	      -10342.335938   1610.885742     301.080078  -71.067749
32.3	      -10229.460938   1559.069702     291.395477  480.186829
32.4	      -10312.375000   1650.633423     308.509064  -953.129272
32.5	      -10376.998047   1698.441162     317.444489  -320.194855
32.6	      -10219.453125   1575.015015     294.375732  -728.325806
32.7	      -10212.372070   1590.149902     297.204468  890.266907
32.8	      -10191.613281   1620.727051     302.919464  195.955261
32.9	      -10176.887695   1554.322388     290.508209  689.333313
33	      -10205.541016   1556.672607     290.947449  440.433533
33.1	      -10212.063477   1567.743774     293.016693  1775.632568
33.2	      -10237.640625   1665.466797     311.281464  -615.904053
33.3	      -10122.885742   1569.609497     293.365417  -318.083160
33.4	      -10224.833008   1730.791382     323.490845  -1026.028076
33.5	      -10193.000000   1676.276367     313.301819  303.707703
33.6	      -10211.477539   1687.654053     315.428345  -703.084534
33.7	      -10175.421875   1690.531494     315.966156  465.375793
33.8	      -10111.289062   1591.219971     297.404480  520.818420
33.9	      -10242.480469   1672.276367     312.554199  1179.223633
34	      -10204.759766   1626.661499     304.028625  1315.688477
34.1	      -10163.688477   1567.148071     292.905365  695.283264
34.2	      -10160.591797   1559.503784     291.476624  697.239807
34.3	      -10268.400391   1684.765503     314.888458   94.659668
34.4	      -10225.939453   1688.826416     315.647461  561.616760
34.5	      -10259.100586   1673.350952     312.755035  730.092957
34.6	      -10251.900391   1719.465942     321.374084  125.252930
34.7	      -10130.618164   1526.699951     285.345459  1354.770996
34.8	      -10094.385742   1571.563721     293.730652  -64.127808
34.9	      -10082.974609   1623.213989     303.384277  -1102.406128
35	      -10100.674805   1611.188354     301.136627  954.076965
35.1	      -10071.731445   1600.740479     299.183899  -1322.222900
35.2	      -10122.257812   1590.518311     297.273346  -589.750916
35.3	      -10170.813477   1630.433594     304.733643  1964.951416
35.4	      -10150.934570   1625.618286     303.833649  2209.920898
35.5	      -10313.785156   1690.990967     316.052032  949.571594
35.6	      -10204.560547   1573.019043     294.002655  1260.267822
35.7	      -10116.441406   1597.439941     298.567017  -24.583618
35.8	      -10136.608398   1582.951904     295.859161  178.116333
35.9	      -10210.967773   1679.761841     313.953247  1551.238770
36	      -10191.327148   1595.532104     298.210449  429.710999
36.1	      -10184.423828   1593.575195     297.844696  -194.082153
36.2	      -10117.019531   1598.914795     298.842682  406.610657
36.3	      -10149.846680   1625.052246     303.727844  744.309143
36.4	      -10155.175781   1618.936035     302.584717  609.313660
36.5	      -10094.552734   1563.820801     292.283478  -1555.837158
36.6	      -10146.991211   1580.669556     295.432587  -733.142395
36.7	      -10169.462891   1608.400024     300.615479  1226.136719
36.8	      -10127.166992   1575.242920     294.418304  796.109680
36.9	      -10142.055664   1585.586060     296.351471  1189.316895
37	      -10247.346680   1663.571533     310.927246  -975.574707
37.1	      -10199.167969   1626.402588     303.980225  -532.335083
37.2	      -10082.320312   1557.493408     291.100861  763.062073
37.3	      -10217.767578   1600.003906     299.046234  738.459045
37.4	      -10237.403320   1603.420532     299.684814  -156.554443
37.5	      -10236.019531   1647.674683     307.956055  763.998840
37.6	      -10302.737305   1710.937012     319.779999  -865.946167
37.7	      -10214.245117   1592.661011     297.673828  916.674011
37.8	      -10208.631836   1571.028076     293.630554  -563.082458
37.9	      -10246.752930   1652.129517     308.788696  -372.230865
38	      -10227.035156   1620.935547     302.958435  -150.353882
38.1	      -10196.240234   1636.173340     305.806427  679.366028
38.2	      -10200.182617   1611.437744     301.183258  1831.319824
38.3	      -10274.009766   1665.016846     311.197357  430.264587
38.4	      -10258.532227   1622.353638     303.223480  -780.788818
38.5	      -10264.345703   1653.582520     309.060242  1495.325684
38.6	      -10341.331055   1693.324585     316.488190  3072.539551
38.7	      -10285.542969   1541.450195     288.102325  292.731384
38.8	      -10306.703125   1589.906738     297.159027  1349.870605
38.9	      -10303.806641   1659.835571     310.228973  1386.826172
39	      -10229.873047   1679.415894     313.888611  731.195129
39.1	      -10243.192383   1636.151733     305.802368  1452.833008
39.2	      -10271.499023   1650.390137     308.463593  500.710632
39.3	      -10195.717773   1528.540527     285.689484  -527.432373
39.4	      -10208.901367   1528.018433     285.591888  -595.382629
39.5	      -10233.415039   1614.781860     301.808289  559.446106
39.6	      -10244.842773   1605.893799     300.147064  333.814758
39.7	      -10243.924805   1586.461426     296.515106  848.111145
39.8	      -10197.649414   1562.230347     291.986237  685.560730
39.9	      -10230.902344   1629.246826     304.511841  537.942566
40	      -10186.360352   1635.000732     305.587250  -314.641632
40.1	      -10135.062500   1635.628052     305.704498  862.210632
40.2	      -10152.940430   1622.457275     303.242828  449.073303
40.3	      -10254.085938   1681.743408     314.323608  1141.272217
40.4	      -10140.255859   1639.367798     306.403473  553.778015
40.5	      -10041.340820   1496.930420     279.781433  1469.619141
40.6	      -10152.780273   1580.663818     295.431488  -34.160767
40.7	      -10217.007812   1631.895630     305.006897  -236.823547
40.8	      -10150.287109   1595.027588     298.116150  644.517395
40.9	      -10119.558594   1501.398438     280.616516  -510.061340
41	      -10305.038086   1630.449829     304.736664  170.854492
41.1	      -10374.517578   1683.125366     314.581909  342.638489
41.2	      -10269.586914   1659.514771     310.169006  -224.715973
41.3	      -10179.420898   1548.493408     289.418732  -328.983459
41.4	      -10215.674805   1611.294678     301.156525  -865.465637
41.5	      -10233.311523   1608.914429     300.711639  -1184.054321
41.6	      -10272.326172   1667.757202     311.709564  -368.416809
41.7	      -10151.525391   1514.980957     283.155151  1248.638916
41.8	      -10234.334961   1613.132080     301.499939  125.517944
41.9	      -10253.401367   1602.576782     299.527100  -702.070312
42	      -10351.238281   1657.423462     309.778137  387.152283
42.1	      -10300.773438   1534.218994     286.750793  631.172058
42.2	      -10321.701172   1509.284912     282.090546  -196.627136
42.3	      -10348.985352   1561.960815     291.935852  1143.648926
42.4	      -10375.415039   1581.449829     295.578400  -510.623352
42.5	      -10396.102539   1613.391846     301.548492  -1068.609375
42.6	      -10407.711914   1656.969727     309.693329  427.323792
42.7	      -10231.754883   1546.182861     288.986877  191.931763
42.8	      -10299.487305   1602.448486     299.503143  -1298.383301
42.9	      -10295.050781   1607.905273     300.523010  296.928650
43	      -10156.398438   1469.489990     274.652740   96.620728
43.1	      -10275.361328   1615.775269     301.993958  346.455383
43.2	      -10286.803711   1662.394165     310.707184  2215.735352
43.3	      -10199.006836   1500.674805     280.481293  102.958374
43.4	      -10274.802734   1563.064575     292.142151   25.274536
43.5	      -10209.446289   1544.188477     288.614136  380.503723
43.6	      -10234.921875   1537.835815     287.426788  -488.785034
43.7	      -10318.349609   1590.782593     297.322723  -52.890686
43.8	      -10288.915039   1556.067993     290.834442  433.189270
43.9	      -10374.827148   1607.801514     300.503632  338.129700
44	      -10212.316406   1491.372314     278.742615  -998.676514
44.1	      -10294.728516   1541.872803     288.181335  -1610.374146
44.2	      -10275.216797   1514.984131     283.155731  -381.774963
44.3	      -10293.104492   1614.270020     301.712616  -199.186371
44.4	      -10230.550781   1526.942627     285.390839  928.433777
44.5	      -10297.625977   1569.848267     293.410034  -1207.307129
44.6	      -10377.833008   1732.112061     323.737701  -870.244385
44.7	      -10329.153320   1555.006592     290.636078  1439.723633
44.8	      -10364.974609   1634.505859     305.494751   80.842285
44.9	      -10213.670898   1478.604370     276.356232  226.918213
45	      -10415.776367   1584.594727     296.166199  -1852.015381
45.1	      -10403.571289   1588.768677     296.946320  -976.936157
45.2	      -10363.858398   1624.327515     303.592407  -656.637329
45.3	      -10381.110352   1648.420654     308.095490  170.982361
45.4	      -10328.033203   1576.943115     294.736084  -284.754700
45.5	      -10291.036133   1502.179810     280.762573  -29.373413
45.6	      -10247.922852   1517.471069     283.620544  -873.396729
45.7	      -10360.050781   1659.385986     310.144958  -712.110779
45.8	      -10351.782227   1611.332275     301.163544  -1118.492676
45.9	      -10300.000000   1623.512451     303.440063  -612.198181
46	      -10299.872070   1645.077026     307.470551  1459.811035
46.1	      -10166.038086   1571.043213     293.633362  1619.366699
46.2	      -10264.888672   1712.810303     320.130127  1283.739502
46.3	      -10303.501953   1671.823364     312.469543  1148.468994
46.4	      -10180.630859   1533.542847     286.624420   98.241638
46.5	      -10283.114258   1664.242188     311.052582  1272.620850
46.6	      -10285.917969   1644.812256     307.421051  900.471863
46.7	      -10190.781250   1531.603027     286.261871  415.566467
46.8	      -10205.243164   1599.646484     298.979431  -584.199707
46.9	      -10331.427734   1698.769165     317.505798  1379.769775
47	      -10280.495117   1610.381592     300.985840  -198.694183
47.1	      -10244.141602   1589.692261     297.118958  648.652161
47.2	      -10300.674805   1678.243286     313.669434  1722.535889
47.3	      -10305.531250   1711.186646     319.826660  1068.752686
47.4	      -10270.451172   1612.375244     301.358490  1031.986328
47.5	      -10423.794922   1794.690308     335.433777  360.131897
47.6	      -10365.585938   1719.093628     321.304504  1201.098633
47.7	      -10258.366211   1679.993042     313.996460  109.596130
47.8	      -10200.112305   1642.386230     306.967621  1106.419189
47.9	      -10200.953125   1595.193237     298.147095  401.957825
48	      -10214.658203   1644.016968     307.272430  620.368347
48.1	      -10167.994141   1548.580566     289.435028  833.451355
48.2	      -10324.075195   1750.606567     327.194397  901.449890
48.3	      -10152.592773   1623.223633     303.386078  800.338562
48.4	      -10225.219727   1666.516113     311.477600  474.435364
48.5	      -10219.168945   1655.472412     309.413483  -158.090271
48.6	      -10212.136719   1550.994263     289.886169  -1300.927979
48.7	      -10232.243164   1644.859741     307.429932  718.245911
48.8	      -10177.494141   1556.198120     290.858765  -454.147156
48.9	      -10172.521484   1610.230713     300.957642  -186.943237
49	      -10238.750000   1626.496704     303.997833  -711.352539
49.1	      -10227.230469   1611.742065     301.240143  1131.016357
49.2	      -10234.369141   1655.540161     309.426147  455.818542
49.3	      -10249.083008   1521.834229     284.436035  165.245605
49.4	      -10272.948242   1510.085083     282.240082  785.616394
49.5	      -10331.883789   1527.815186     285.553925  -482.979980
49.6	      -10407.238281   1585.191650     296.277771  -210.632599
49.7	      -10371.837891   1614.211304     301.701630  716.759583
49.8	      -10334.456055   1570.575073     293.545868  739.523254
49.9	      -10265.856445   1511.369751     282.480194  -243.530792
50	      -10272.490234   1508.750244     281.990601  -50.501038
50.1	      -10295.680664   1505.629395     281.407318   75.856873
50.2	      -10378.182617   1603.011841     299.608429  -1470.247070
50.3	      -10428.266602   1706.554321     318.960876  -255.866516
50.4	      -10217.406250   1552.406006     290.150024   91.414978
50.5	      -10233.258789   1587.970093     296.797058  -187.153503
50.6	      -10361.824219   1646.441284     307.725525  -514.834656
50.7	      -10376.161133   1657.887695     309.864899  1285.976807
50.8	      -10244.343750   1507.968262     281.844452  -1207.264282
50.9	      -10391.362305   1618.471436     302.497864   50.694702
51	      -10314.407227   1559.998047     291.569000  -57.618774
51.1	      -10370.414062   1675.733276     313.200317  -959.910583
51.2	      -10368.834961   1630.687744     304.781158  -422.973694
51.3	      -10381.272461   1611.733398     301.238525  -635.838867
51.4	      -10365.014648   1558.214722     291.235687  -1066.705200
51.5	      -10396.145508   1560.338623     291.632660  -430.072510
51.6	      -10303.463867   1548.748779     289.466461  250.232788
51.7	      -10332.220703   1539.892334     287.811157  531.981018
51.8	      -10240.208984   1493.346069     279.111511  270.418091
51.9	      -10371.585938   1603.160278     299.636169  -914.035461
52	      -10291.478516   1497.123535     279.817535  -606.664062
52.1	      -10236.945312   1515.047852     283.167664  289.427490
52.2	      -10227.236328   1493.285889     279.100250  610.313049
52.3	      -10395.846680   1622.548340     303.259857  740.182190
52.4	      -10312.904297   1522.799072     284.616394  846.193420
52.5	      -10284.124023   1562.269531     291.993530  910.132629
52.6	      -10251.578125   1521.037354     284.287109  -392.873199
52.7	      -10285.677734   1585.925171     296.414856  841.514343
52.8	      -10304.400391   1571.135742     293.650665  502.659241
52.9	      -10339.987305   1600.576904     299.153320  -1066.330811
53	      -10330.987305   1627.291992     304.146454  1346.693115
53.1	      -10302.599609   1609.194824     300.764038  -450.902222
53.2	      -10262.898438   1610.440186     300.996796  938.857483
53.3	      -10305.677734   1611.034668     301.107910  1380.341064
53.4	      -10288.100586   1567.307251     292.935120  -1014.713745
53.5	      -10362.932617   1617.229980     302.265839  561.718445
53.6	      -10193.617188   1477.045898     276.064941  343.608948
53.7	      -10266.985352   1607.267578     300.403839  1289.494385
53.8	      -10315.966797   1637.937500     306.136139  1532.407715
53.9	      -10293.858398   1569.492920     293.343628  328.127136
54	      -10244.258789   1559.328247     291.443817  1104.038086
54.1	      -10270.172852   1641.233032     306.752106  698.789612
54.2	      -10321.391602   1666.234253     311.424896  557.262268
54.3	      -10175.126953   1533.929932     286.696777  -1405.239502
54.4	      -10179.043945   1558.125488     291.219025  -1185.139771
54.5	      -10163.781250   1474.726074     275.631378  758.969055
54.6	      -10411.695312   1704.381836     318.554810  467.943542
54.7	      -10239.980469   1552.704102     290.205719  801.878967
54.8	      -10226.878906   1553.619019     290.376740  -804.203064
54.9	      -10275.978516   1567.439941     292.959900  1669.685791
55	      -10392.124023   1690.316406     315.925934  994.081360
55.1	      -10211.969727   1573.461670     294.085388   80.409058
55.2	      -10226.503906   1603.842529     299.763672  -301.704651
55.3	      -10278.664062   1590.680542     297.303650  -793.184265
55.4	      -10379.280273   1663.886475     310.986115  586.897766
55.5	      -10256.345703   1526.484741     285.305237  1412.002197
55.6	      -10350.948242   1627.198730     304.129028  1771.777832
55.7	      -10416.711914   1682.643311     314.491821  520.908142
55.8	      -10400.956055   1597.738647     298.622833  510.526917
55.9	      -10372.923828   1569.132568     293.276276  1243.180908
56	      -10418.837891   1640.763794     306.664398  402.836731
56.1	      -10446.790039   1563.895264     292.297394  757.161316
56.2	      -10471.891602   1593.335449     297.799866  174.623962
56.3	      -10472.317383   1557.230835     291.051788   51.960327
56.4	      -10464.462891   1587.994385     296.801605  -340.735138
56.5	      -10424.988281   1576.765747     294.702942  466.810120
56.6	      -10464.147461   1660.226074     310.301971  1170.920166
56.7	      -10322.387695   1485.748169     277.691437  765.062683
56.8	      -10288.863281   1525.613525     285.142426  1282.773193
56.9	      -10412.152344   1624.290771     303.585541  1756.987061
57	      -10461.739258   1635.933350     305.761566  762.687317
57.1	      -10431.592773   1559.885254     291.547913  -639.546143
57.2	      -10449.137695   1541.945068     288.194824  1567.291016
57.3	      -10384.845703   1536.277100     287.135468  1142.406006
57.4	      -10385.170898   1554.385986     290.520081  1200.700928
57.5	      -10446.245117   1590.575684     297.284058  582.891052
57.6	      -10400.528320   1555.304199     290.691711  230.133301
57.7	      -10373.291016   1472.783325     275.268280  755.662903
57.8	      -10545.923828   1633.775635     305.358276  562.643738
57.9	      -10439.792969   1554.206299     290.486511  1682.599365
58	      -10421.481445   1621.405396     303.046234  646.972961
58.1	      -10326.693359   1579.900879     295.288910  998.505432
58.2	      -10359.803711   1630.422607     304.731598  1951.882324
58.3	      -10281.927734   1516.530884     283.444824  772.743713
58.4	      -10251.469727   1577.218262     294.787506  1502.717773
58.5	      -10229.603516   1635.513550     305.683105  -1538.331177
58.6	      -10291.575195   1677.821289     313.590576  2296.072510
58.7	      -10289.541992   1644.315918     307.328308    0.761719
58.8	      -10302.042969   1661.100342     310.465363  -137.585571
58.9	      -10372.180664   1679.085938     313.826935  -136.674622
59	      -10331.475586   1649.859497     308.364410  548.808167
59.1	      -10343.512695   1628.312866     304.337280   49.376709
59.2	      -10357.296875   1581.371460     295.563751  1376.494385
59.3	      -10365.859375   1524.632568     284.959076   86.887939
59.4	      -10401.036133   1603.101074     299.625092  -69.765259
59.5	      -10375.090820   1617.493042     302.315002  1235.930908
59.6	      -10318.204102   1592.228271     297.592926  -939.546387
59.7	      -10335.144531   1548.932861     289.500885  -969.601318
59.8	      -10291.956055   1452.656006     271.506409   46.441528
59.9	      -10448.696289   1622.856689     303.317505  -351.285461
60	      -10382.107422   1595.524780     298.209076  2029.316895
60.1	      -10335.580078   1529.422485     285.854309   53.884033
60.2	      -10480.535156   1652.739868     308.902771  990.523621
60.3	      -10450.818359   1552.174316     290.106720   20.564819
60.4	      -10435.128906   1570.228149     293.481049  731.596497
60.5	      -10410.898438   1518.952759     283.897491  -353.748352
60.6	      -10413.117188   1560.822266     291.723053  307.299744
60.7	      -10341.916016   1497.397705     279.868774  -1104.318115
60.8	      -10473.014648   1632.728516     305.162567  -495.026245
60.9	      -10460.646484   1562.307251     292.000610  -720.501221
61	      -10406.469727   1526.329834     285.276306  784.698547
61.1	      -10366.334961   1565.851318     292.662994  1026.507568
61.2	      -10338.039062   1540.253662     287.878693  -539.707642
61.3	      -10434.694336   1627.708252     304.224274  500.940247
61.4	      -10435.746094   1610.965576     301.095001  211.468445
61.5	      -10427.836914   1590.719482     297.310944  193.114624
61.6	      -10397.655273   1543.178223     288.425323  188.658813
61.7	      -10374.769531   1552.694824     290.204010  -774.732788
61.8	      -10357.843750   1527.307373     285.458984  -569.153259
61.9	      -10387.082031   1629.063477     304.477570  993.996277
62	      -10362.561523   1587.047485     296.624634  1003.035950
62.1	      -10395.144531   1587.779663     296.761475  988.752014
62.2	      -10337.354492   1547.158691     289.169281  -446.956116
62.3	      -10347.996094   1541.453979     288.103058  -301.591156
62.4	      -10292.524414   1513.112793     282.805969  -785.733093
62.5	      -10379.208984   1598.193848     298.707916  -118.884399
62.6	      -10297.859375   1497.136963     279.820038   21.540894
62.7	      -10268.375977   1510.427490     282.304077  -170.934143
62.8	      -10316.224609   1569.787109     293.398621  -212.690582
62.9	      -10278.584961   1513.182129     282.818939  -851.158691
63	      -10363.617188   1567.769897     293.021576  -43.394531
63.1	      -10432.715820   1609.595215     300.838867  436.180969
63.2	      -10359.252930   1553.107422     290.281128  299.571472
63.3	      -10370.292969   1541.512207     288.113922  341.392395
63.4	      -10397.175781   1583.534424     295.968018  -107.720825
63.5	      -10366.506836   1517.310913     283.590637  1039.498779
63.6	      -10316.859375   1582.008789     295.682892  435.886780
63.7	      -10327.806641   1587.020264     296.619537  -1131.499512
63.8	      -10357.099609   1633.772949     305.357788  -583.150757
63.9	      -10433.306641   1654.305420     309.195374  352.116272
64	      -10369.291016   1577.466187     294.833862  -110.572693
64.1	      -10381.806641   1606.032715     300.173035  -201.250092
64.2	      -10358.837891   1586.559937     296.533508  -621.650269
64.3	      -10318.478516   1572.828369     293.967041  -32.420837
64.4	      -10440.220703   1616.062622     302.047668  2493.181152
64.5	      -10349.448242   1495.275635     279.472168  -1773.848145
64.6	      -10364.042969   1562.683594     292.070923  695.583679
64.7	      -10382.120117   1568.224121     293.106476  545.845764
64.8	      -10470.959961   1595.167847     298.142365  -795.061035
64.9	      -10343.802734   1524.088135     284.857300  336.897888
65	      -10435.937500   1612.302002     301.344788  252.309937
65.1	      -10290.160156   1536.952148     287.261627  848.652039
65.2	      -10386.351562   1649.678955     308.330658  -211.455872
65.3	      -10210.322266   1549.478027     289.602783  491.515564
65.4	      -10280.971680   1600.891602     299.212158  594.573425
65.5	      -10258.249023   1580.172363     295.339661  180.786621
65.6	      -10237.589844   1573.629883     294.116821  1901.863281
65.7	      -10248.028320   1549.090576     289.530365  1174.970215
65.8	      -10379.666016   1620.283203     302.836487  1679.210938
65.9	      -10430.032227   1643.337646     307.145447  -224.184143
66	      -10494.899414   1712.902344     320.147339  1632.939453
66.1	      -10365.613281   1605.538940     300.080750  314.291748
66.2	      -10291.135742   1575.565308     294.478577  -961.929321
66.3	      -10348.233398   1570.585571     293.547852  -770.052429
66.4	      -10486.997070   1592.987427     297.734833  -1414.153564
66.5	      -10406.977539   1526.957031     285.393524  936.068909
66.6	      -10431.390625   1581.900635     295.662659  -393.978973
66.7	      -10411.985352   1578.373291     295.003387   61.424316
66.8	      -10317.559570   1541.220093     288.059326  278.346924
66.9	      -10284.971680   1489.678955     278.426117  -736.494934
67	      -10256.890625   1453.420410     271.649261  328.545959
67.1	      -10374.807617   1541.202637     288.056061  -1665.586304
67.2	      -10350.695312   1558.671631     291.321075  2112.417969
67.3	      -10344.419922   1558.406982     291.271606  493.930969
67.4	      -10444.747070   1686.791748     315.267181  331.435974
67.5	      -10311.909180   1602.032471     299.425385  495.773987
67.6	      -10311.908203   1555.052124     290.644592  350.216370
67.7	      -10327.908203   1578.516846     295.030212  326.826843
67.8	      -10357.409180   1589.180054     297.023224  1326.586182
67.9	      -10384.071289   1600.701416     299.176605  1355.777344
68	      -10369.181641   1560.161865     291.599609  764.773743
68.1	      -10333.216797   1583.744873     296.007355  1322.783447
68.2	      -10246.235352   1519.559204     284.010834  371.050354
68.3	      -10283.566406   1543.195190     288.428497  -574.824646
68.4	      -10259.763672   1491.333984     278.735443  1610.481445
68.5	      -10311.283203   1603.206299     299.644775  437.100159
68.6	      -10250.407227   1573.051636     294.008759  -173.667847
68.7	      -10205.394531   1593.697266     297.867493  1299.398193
68.8	      -10180.234375   1588.007568     296.804077  -119.202637
68.9	      -10171.733398   1606.556641     300.270966  266.574219
69	      -10199.475586   1645.309570     307.514008  -1149.085938
69.1	      -10175.518555   1545.983032     288.949554  580.561340
69.2	      -10185.654297   1510.712280     282.357330  149.579102
69.3	      -10309.763672   1597.832520     298.640381  -475.978943
69.4	      -10324.363281   1592.508667     297.645355  -159.869629
69.5	      -10331.568359   1615.660522     301.972504  718.841980
69.6	      -10300.376953   1587.328369     296.677124  153.381531
69.7	      -10430.893555   1624.004028     303.531921  255.577026
69.8	      -10394.151367   1569.975952     293.433899  -380.212555
69.9	      -10562.919922   1716.909912     320.896362  -312.369110
70	      -10444.256836   1624.144043     303.558105  185.423584
70.1	      -10350.076172   1554.198608     290.485077  729.552795
70.2	      -10288.600586   1529.046143     285.783966  715.168518
70.3	      -10356.664062   1591.974243     297.545471  678.717957
70.4	      -10248.474609   1496.357666     279.674377  -654.692261
70.5	      -10292.194336   1552.403198     290.149506  165.481628
70.6	      -10375.630859   1638.942017     306.323883  1073.168213
70.7	      -10316.006836   1543.219727     288.433075  -601.998474
70.8	      -10367.772461   1611.517334     301.198120  712.481750
70.9	      -10337.028320   1609.354248     300.793854  552.998108
71	      -10438.653320   1661.884521     310.611938  1699.271973
71.1	      -10302.512695   1545.079590     288.780701  1489.915039
71.2	      -10326.287109   1565.312988     292.562378  1223.079590
71.3	      -10281.658203   1569.423584     293.330658  1025.840332
71.4	      -10252.582031   1545.402954     288.841125  416.137024
71.5	      -10347.620117   1602.887085     299.585114  418.468323
71.6	      -10261.877930   1561.797363     291.905304  -210.124817
71.7	      -10243.912109   1596.031250     298.303741  490.386658
71.8	      -10220.693359   1577.375000     294.816803  -366.795258
71.9	      -10266.966797   1538.894531     287.624664  -1375.595703
72	      -10246.945312   1524.462769     284.927338  -379.388275
72.1	      -10234.473633   1543.305054     288.449005  692.367004
72.2	      -10267.553711   1611.096436     301.119476  627.278259
72.3	      -10201.331055   1580.924438     295.480225  731.459534
72.4	      -10205.022461   1598.550293     298.774536  759.513245
72.5	      -10247.108398   1592.024658     297.554871  324.812317
72.6	      -10228.292969   1596.608398     298.411591  -858.636108
72.7	      -10235.795898   1546.828979     289.107666  758.147156
72.8	      -10313.849609   1591.127930     297.387268  664.580261
72.9	      -10299.015625   1562.181763     291.977142  -1232.634644
73	      -10287.529297   1532.354614     286.402344  1156.910889
73.1	      -10285.899414   1565.320068     292.563690  1372.929688
73.2	      -10316.431641   1607.403442     300.429230  877.031799
73.3	      -10210.865234   1482.560059     277.095581  -407.923889
73.4	      -10173.369141   1489.383545     278.370911  -161.982300
73.5	      -10228.723633   1595.346558     298.175751  -1006.892700
73.6	      -10269.458984   1611.828613     301.256317  282.252930
73.7	      -10211.320312   1610.208130     300.953430  130.090210
73.8	      -10134.039062   1507.815430     281.815887  -754.571228
73.9	      -10273.201172   1641.796021     306.857330  1964.011719
74	      -10179.843750   1554.413208     290.525177  595.658142
74.1	      -10205.654297   1622.063721     303.169281  1141.178467
74.2	      -10155.629883   1615.859497     302.009705  1489.060791
74.3	      -10188.318359   1658.648438     310.007080  1706.358643
74.4	      -10241.118164   1679.946289     313.987732  431.599792
74.5	      -10205.688477   1601.666626     299.356995    2.260681
74.6	      -10273.745117   1628.445068     304.361969  1007.228699
74.7	      -10211.722656   1591.248291     297.409790  -730.965210
74.8	      -10265.653320   1644.138550     307.295135  -72.901733
74.9	      -10171.073242   1515.491333     283.250549  673.042786
75	      -10179.485352   1502.280640     280.781403  112.680786
75.1	      -10252.442383   1562.457520     292.028687  133.986206
75.2	      -10327.981445   1606.782959     300.313263  -14.926514
75.3	      -10309.847656   1614.410767     301.738922  474.820129
75.4	      -10338.970703   1538.468994     287.545135  -604.151184
75.5	      -10285.079102   1487.176025     277.958313  445.881287
75.6	      -10357.028320   1551.437622     289.969025  -1345.842285
75.7	      -10338.743164   1549.529907     289.612457  -1624.514038
75.8	      -10359.026367   1584.550171     296.157867  1443.424805
75.9	      -10338.043945   1539.383057     287.715973  -588.943604
76	      -10246.383789   1468.208862     274.413269  -510.600952
76.1	      -10295.702148   1561.820923     291.909698  -802.631836
76.2	      -10275.744141   1504.791016     281.250610  -613.565857
76.3	      -10306.296875   1568.502686     293.158539  -29.857605
76.4	      -10210.210938   1546.154297     288.981567  1321.458252
76.5	      -10272.906250   1573.939697     294.174744  1053.859863
76.6	      -10396.314453   1659.279175     310.124969  1136.370850
76.7	      -10413.179688   1645.817627     307.608978  398.167053
76.8	      -10359.469727   1613.532837     301.574829  746.242004
76.9	      -10367.545898   1626.145508     303.932190  793.210144
77	      -10274.604492   1551.498657     289.980438  642.694397
77.1	      -10151.764648   1412.953369     264.085846  1127.135986
77.2	      -10388.225586   1571.945190     293.801971  1337.576172
77.3	      -10413.500000   1589.857544     297.149841  -1187.922363
77.4	      -10333.028320   1582.017334     295.684479  1273.685303
77.5	      -10348.112305   1560.190186     291.604919  -93.432007
77.6	      -10378.204102   1566.785034     292.837494  807.844543
77.7	      -10287.062500   1543.140503     288.418274  1023.684875
77.8	      -10288.462891   1572.634521     293.930786  -812.051880
77.9	      -10372.551758   1670.133667     312.153717  -207.613373
78	      -10235.326172   1584.080322     296.070068  795.519592
78.1	      -10259.238281   1632.756836     305.167877  -1234.602295
78.2	      -10262.260742   1674.182983     312.910553  311.031128
78.3	      -10245.973633   1684.681030     314.872681  -452.562134
78.4	      -10269.251953   1613.938232     301.650604  -897.000732
78.5	      -10294.836914   1649.866943     308.365814  -1001.845825
78.6	      -10116.175781   1465.465454     273.900543  -904.303406
78.7	      -10141.428711   1529.244507     285.821045  1607.109375
78.8	      -10177.217773   1568.454102     293.149475  976.581360
78.9	      -10344.685547   1725.180054     322.442078  1696.185547
79	      -10285.557617   1643.422363     307.161285  300.607788
79.1	      -10279.858398   1565.202637     292.541748  354.750183
79.2	      -10216.710938   1555.553711     290.738342  -996.185608
79.3	      -10179.395508   1544.629150     288.696503  -765.182129
79.4	      -10278.000000   1702.673096     318.235443  690.254944
79.5	      -10055.059570   1513.357056     282.851624  842.379700
79.6	      -10250.392578   1669.444458     312.024902  270.436951
79.7	      -10215.354492   1602.613892     299.534058   69.450928
79.8	      -10244.345703   1569.884155     293.416748  113.567749
79.9	      -10245.618164   1546.282227     289.005463  -250.380066
80	      -10216.458984   1526.906738     285.384125  -1148.882935
80.1	      -10262.933594   1570.481445     293.528381  1157.783936
80.2	      -10204.349609   1588.316650     296.861847  143.021484
80.3	      -10337.693359   1698.365112     317.430267  -1998.848145
80.4	      -10278.355469   1643.941650     307.258331  -1313.486084
80.5	      -10253.416016   1653.640381     309.071075  368.144104
80.6	      -10336.147461   1689.946777     315.856873  675.626038
80.7	      -10217.260742   1602.687744     299.547852  1410.775391
80.8	      -10201.739258   1589.408203     297.065857  -207.373108
80.9	      -10248.766602   1632.380615     305.097534  -1339.919556
81	      -10193.320312   1590.371460     297.245880  297.095154
81.1	      -10188.075195   1663.243286     310.865875  546.436707
81.2	      -10213.549805   1677.423584     313.516235  2472.511719
81.3	      -10319.015625   1747.439087     326.602386  1077.334229
81.4	      -10241.497070   1740.416016     325.289734  1264.219971
81.5	      -10146.633789   1685.143921     314.959198  -203.997589
81.6	      -10181.970703   1682.185669     314.406281  2697.661621
81.7	      -10201.977539   1632.061279     305.037872  -715.601257
81.8	      -10226.150391   1668.179810     311.788544  -260.338654
81.9	      -10306.014648   1734.498535     324.183746  1187.194824
82	      -10229.389648   1609.270142     300.778107  488.667297
82.1	      -10274.741211   1608.913330     300.711426  429.152039
82.2	      -10273.716797   1582.004150     295.682007  2449.472900
82.3	      -10272.816406   1525.062012     285.039337  -488.491272
82.4	      -10337.259766   1588.352051     296.868469   55.542358
82.5	      -10292.416992   1618.292236     302.464386  2091.369629
82.6	      -10211.361328   1578.127563     294.957458  114.382019
82.7	      -10147.654297   1551.364014     289.955261  -1043.467407
82.8	      -10184.658203   1568.545532     293.166565  -150.367065
82.9	      -10242.955078   1659.746704     310.212372  -509.676453
83	      -10221.429688   1626.194580     303.941345  -826.404663
83.1	      -10148.166992   1567.796631     293.026581   53.726929
83.2	      -10239.629883   1696.555664     317.092072  456.968933
83.3	      -10196.390625   1636.520874     305.871368  242.247498
83.4	      -10192.104492   1643.872314     307.245392  -918.151489
83.5	      -10176.363281   1558.208862     291.234589  -395.221436
83.6	      -10186.728516   1607.381104     300.425049  -721.795166
83.7	      -10236.139648   1638.583618     306.256897  -39.317688
83.8	      -10304.073242   1681.935791     314.359589  410.221985
83.9	      -10220.708984   1617.262329     302.271881  1394.601074
84	      -10251.541016   1670.750122     312.268951  443.900208
84.1	      -10123.685547   1521.981445     284.463562  1587.133301
84.2	      -10208.907227   1644.536133     307.369446  1561.663818
84.3	      -10283.582031   1745.799438     326.295929  960.681458
84.4	      -10276.829102   1749.126221     326.917694  901.856628
84.5	      -10111.574219   1608.583374     300.649750  -166.843994
84.6	      -10106.004883   1618.849121     302.568451  835.078674
84.7	      -10175.822266   1673.361816     312.757080  208.747742
84.8	      -10227.172852   1652.285645     308.817871  -917.529541
84.9	      -10223.777344   1593.260742     297.785919  827.207825
85	      -10190.874023   1548.624146     289.443176  852.599426
85.1	      -10229.172852   1609.187256     300.762634  -929.052673
85.2	      -10184.991211   1529.507446     285.870209  -996.757080
85.3	      -10225.114258   1610.405884     300.990387  -511.080688
85.4	      -10217.741211   1655.812134     309.476990  154.724731
85.5	      -10186.185547   1597.083008     298.500305  468.640442
85.6	      -10181.411133   1570.708862     293.570892  -417.169281
85.7	      -10150.096680   1560.916992     291.740753  1571.417480
85.8	      -10128.339844   1527.456787     285.486938  866.982239
85.9	      -10264.477539   1692.763306     316.383270  -1298.806885
86	      -10171.597656   1644.650879     307.390900   38.122559
86.1	      -10257.672852   1725.034424     322.414856  -35.292480
86.2	      -10129.885742   1636.138794     305.799957  -2092.599854
86.3	      -10225.303711   1662.980591     310.816803  761.736145
86.4	      -10168.742188   1656.326294     309.573090  360.786438
86.5	      -10119.757812   1644.004395     307.270081  323.084778
86.6	      -10207.038086   1747.814087     326.672455  375.831848
86.7	      -10113.712891   1589.899658     297.157715  1334.043701
86.8	      -10273.872070   1718.606445     321.213440  583.542786
86.9	      -10191.692383   1659.325073     310.133545  -287.865509
87	      -10244.762695   1676.087280     313.266479  437.607483
87.1	      -10291.058594   1693.872803     316.590637  -1040.857788
87.2	      -10266.278320   1681.177734     314.217896  309.073486
87.3	      -10222.619141   1645.109741     307.476654  -429.061279
87.4	      -10314.145508   1643.849243     307.241089  -53.411987
87.5	      -10195.955078   1600.553223     299.148895  1282.270020
87.6	      -10225.291016   1641.076172     306.722778  1881.046387
87.7	      -10175.256836   1601.584106     299.341583  819.923645
87.8	      -10155.158203   1595.088989     298.127625  1116.679199
87.9	      -10287.730469   1748.243652     326.752747  1525.337402
88	      -10224.427734   1673.225220     312.731537  -777.829956
88.1	      -10200.215820   1615.463623     301.935699  -789.485168
88.2	      -10206.126953   1611.128906     301.125519  924.511536
88.3	      -10188.291992   1524.101807     284.859863  -1764.359619
88.4	      -10320.054688   1688.210327     315.532318  -771.109680
88.5	      -10187.758789   1584.008057     296.056549  219.169128
88.6	      -10236.548828   1599.891235     299.025177  -846.668701
88.7	      -10235.276367   1595.343506     298.175171  420.333801
88.8	      -10251.491211   1689.623657     315.796478  -31.447998
88.9	      -10252.251953   1678.638794     313.743347  -107.631287
89	      -10211.574219   1636.845825     305.932098  570.736389
89.1	      -10177.955078   1602.175415     299.452087  -246.761749
89.2	      -10191.570312   1608.368408     300.609589  -600.771240
89.3	      -10356.414062   1813.599609     338.967987  634.604065
89.4	      -10215.969727   1589.493286     297.081757  872.825378
89.5	      -10188.012695   1591.872070     297.526367  -684.938843
89.6	      -10215.717773   1598.333008     298.733948  2541.945801
89.7	      -10237.397461   1605.048950     299.989166  -236.936737
89.8	      -10320.581055   1634.872803     305.563354  281.286987
89.9	      -10314.521484   1590.327881     297.237762  -869.234253
90	      -10229.792969   1555.036621     290.641693  -95.769165
90.1	      -10268.512695   1628.779297     304.424438  -283.158142
90.2	      -10146.789062   1563.191650     292.165894  707.214050
90.3	      -10204.880859   1585.363037     296.309814  -368.297058
90.4	      -10226.861328   1622.937012     303.332520  -157.857483
90.5	      -10209.670898   1592.639282     297.669769  1578.128418
90.6	      -10198.110352   1593.895630     297.904572  670.800598
90.7	      -10249.816406   1692.330566     316.302399  1344.402100
90.8	      -10271.360352   1729.906250     323.325439  -115.264465
90.9	      -10164.389648   1615.442749     301.931793  -809.418945
91	      -10136.152344   1637.276245     306.012543  590.915100
91.1	      -10126.972656   1604.792725     299.941284  -1222.588013
91.2	      -10175.309570   1600.916748     299.216858  -652.606689
91.3	      -10217.532227   1636.513306     305.869965  -821.308960
91.4	      -10255.728516   1685.303467     314.989014  -118.235474
91.5	      -10229.774414   1662.961548     310.813232   29.898132
91.6	      -10192.133789   1649.638428     308.323090  -182.232605
91.7	      -10358.885742   1784.181274     333.469604  -1565.660400
91.8	      -10196.337891   1643.933105     307.256744  761.827942
91.9	      -10253.667969   1725.677979     322.535156  -294.290802
92	      -10180.969727   1634.966064     305.580780  -522.569214
92.1	      -10108.006836   1573.467041     294.086395  995.202942
92.2	      -10183.977539   1606.451660     300.251343  655.064636
92.3	      -10160.271484   1589.484375     297.080078  -130.963928
92.4	      -10142.265625   1603.128296     299.630188  -206.173737
92.5	      -10259.876953   1763.469971     329.598602  890.073547
92.6	      -10157.269531   1612.766602     301.431610  1151.210205
92.7	      -10072.601562   1560.261719     291.618286  1333.164551
92.8	      -10069.846680   1560.903198     291.738159  1033.688232
92.9	      -10295.234375   1741.613159     325.513489  1208.845703
93	      -10223.953125   1652.746338     308.903961  386.968201
93.1	      -10087.474609   1510.062134     282.235809  432.622864
93.2	      -10124.671875   1513.841675     282.942200  1106.720215
93.3	      -10276.760742   1695.053711     316.811371  -246.404449
93.4	      -10311.218750   1681.868530     314.347015  -985.212891
93.5	      -10236.101562   1542.592285     288.315796  -803.816284
93.6	      -10331.294922   1613.191406     301.511017  1101.026611
93.7	      -10253.216797   1568.657471     293.187469  901.744934
93.8	      -10264.594727   1572.856689     293.972321  427.513489
93.9	      -10310.720703   1642.179932     306.929077  -49.815369
94	      -10247.623047   1613.569824     301.581757  452.236389
94.1	      -10198.572266   1568.371460     293.134003  1130.918213
94.2	      -10295.059570   1637.686890     306.089294  -690.455139
94.3	      -10239.592773   1621.732422     303.107361  1433.969238
94.4	      -10226.658203   1609.109253     300.748047  268.391724
94.5	      -10235.772461   1558.835205     291.351654  -67.251465
94.6	      -10284.380859   1680.424805     314.077179  -133.525696
94.7	      -10259.730469   1590.906372     297.345856  -723.459167
94.8	      -10258.920898   1584.859985     296.215790  1391.988037
94.9	      -10300.314453   1676.089478     313.266876  310.595398
95	      -10280.868164   1579.361816     295.188141  -94.759644
95.1	      -10191.807617   1538.069092     287.470398  1897.502441
95.2	      -10192.522461   1543.179321     288.425507  -349.900940
95.3	      -10340.308594   1650.355225     308.457062  1118.396973
95.4	      -10329.917969   1675.696289     313.193390  -2142.000732
95.5	      -10230.996094   1633.957886     305.392334  -352.505035
95.6	      -10327.357422   1650.374023     308.460571  -169.240356
95.7	      -10256.555664   1584.051514     296.064667  757.362366
95.8	      -10230.850586   1529.282227     285.828094  -47.528076
95.9	      -10209.360352   1561.711548     291.889252  158.993835
96	      -10312.465820   1624.258789     303.579559  226.916687
96.1	      -10355.038086   1646.100342     307.661804  966.410950
96.2	      -10351.312500   1589.164551     297.020325  -61.032227
96.3	      -10263.162109   1519.370483     283.975555  -289.007629
96.4	      -10272.140625   1557.027710     291.013824  -447.592834
96.5	      -10345.436523   1655.188965     309.360504  806.999329
96.6	      -10089.820312   1447.240479     270.494232  1299.001221
96.7	      -10110.821289   1516.718750     283.479950  426.651917
96.8	      -10100.795898   1543.655640     288.514557  -616.214478
96.9	      -10224.199219   1643.746460     307.221863  -265.133026
97	      -10229.291992   1615.149902     301.877075  -110.429016
97.1	      -10162.409180   1532.371582     286.405518   40.073486
97.2	      -10271.696289   1645.031250     307.462006  239.707458
97.3	      -10156.820312   1582.400513     295.756104  1795.103516
97.4	      -10273.129883   1699.644043     317.669312   21.926697
97.5	      -10066.114258   1502.072388     280.742493  -1413.900635
97.6	      -10220.855469   1675.935547     313.238129  696.929871
97.7	      -10245.356445   1665.073486     311.207947  794.908386
97.8	      -10219.517578   1604.882446     299.958038  955.081848
97.9	      -10123.892578   1521.709106     284.412659  1059.845703
98	      -10297.969727   1625.710327     303.850861  733.627502
98.1	      -10232.776367   1560.250488     291.616180  836.848816
98.2	      -10220.704102   1510.360107     282.291504  -665.255493
98.3	      -10180.860352   1526.123291     285.237701  -1402.122559
98.4	      -10193.928711   1541.870117     288.180817  -1350.547974
98.5	      -10222.833984   1564.729370     292.453308  990.144348
98.6	      -10201.442383   1538.159790     287.487366  -349.429260
98.7	      -10266.401367   1653.944214     309.127869  -517.176331
98.8	      -10248.128906   1599.640137     298.978241  -63.735840
98.9	      -10255.543945   1569.826904     293.406036  841.225159
99	      -10243.782227   1523.309448     284.711761  1008.598328
99.1	      -10265.957031   1603.390991     299.679291  -128.458496
99.2	      -10292.784180   1628.123779     304.301941  -1592.363892
99.3	      -10285.566406   1618.386963     302.482086   76.100830
99.4	      -10300.109375   1623.415405     303.421906  459.796570
99.5	      -10293.841797   1629.500000     304.559143  -108.275818
99.6	      -10230.185547   1581.536621     295.594635  -280.414856
99.7	      -10312.676758   1661.834717     310.602631  284.744507
99.8	      -10269.759766   1656.944946     309.688721  -386.067230
99.9	      -10186.916992   1548.318481     289.386047  615.468079
100	      -10324.703125   1641.097900     306.726837  -99.772522
